0.0 
0.0 
0.0 
6.714245517666122 
0.0 
11.312882955284357 
0.0 
9.832890014164741 
9.257387842692651 
10.850186837645774 
0.0 
10.497851836951119 
0.0 
10.295768934420508 
12.076481601207021 
11.16741814583174 
12.770663892916762 
0.0 
11.27262978497637 
12.053925881531105 
13.01854794187165 
0.0 
11.060020354507854 
11.160501747555687 
0.0 
11.760304125286382 
0.0 
13.106399360305144 
12.2749604721406 
0.0 
0.0 
11.227615943414223 
0.0 
10.391243589427443 
11.680359523513713 
13.139871063212489 
11.384783750093353 
11.776844232402167 
11.202736043250168 
0.0 
12.243471538396332 
12.469133019829593 
13.656201380194554 
12.590820930930526 
11.410451351503996 
0.0 
0.0 
0.0 
11.40832974076739 
11.406736482691723 
11.451726268074507 
10.186114239541643 
12.129283016944967 
9.667111542075027 
11.029287226968245 
0.0 
10.77313920671969 
10.302638923787553 
12.822172461476178 
13.74819284958946 
0.0 
11.237209960755022 
0.0 
8.592457037268082 
11.302638923787553 
0.0 
12.115693952197011 
13.441128621804696 
10.157346935362844 
13.168515431187641 
11.961449694398196 
0.0 
12.532355925288849 
8.238404739325079 
12.674854307946621 
0.0 
13.24852060493843 
0.0 
12.488091177533475 
12.86128080358871 
10.930737337562887 
0.0 
0.0 
11.714245517666122 
0.0 
10.535275376620804 
0.0 
10.517669388133813 
13.365092120346464 
12.690652799348483 
0.0 
10.46862404291802 
11.727069558023707 
13.64813284565266 
11.980139577639159 
10.620219825507487 
11.797256217509787 
12.165849146176397 
0.0 
8.134426320220927 
12.962173031109709 
13.141468555393086 
10.194756854422248 
0.0 
0.0 
0.0 
10.832098846039134 
0.0 
0.0 
8.366322214245816 
12.223096690347694 
13.445532219028312 
9.142107057302551 
12.379919817646538 
9.172427508645484 
0.0 
10.615629636968098 
12.834866038362017 
8.727920454563199 
0.0 
13.110320173609699 
0.0 
9.995767150877802 
0.0 
12.316281531746222 
12.45661109957492 
0.0 
0.0 
11.295194955880655 
11.349281228817453 
12.093087390444218 
0.0 
11.509775004326938 
10.251482410620213 
13.261947983758521 
11.5401280385821 
11.053247125912426 
11.876516946565001 
10.960001932068081 
0.0 
