0.0 
0.0 
0.0 
12.103943429891558 
0.0 
12.79482197333122 
0.0 
0.0 
12.712312041780276 
0.0 
0.0 
12.832494484336111 
0.0 
0.0 
14.035400533116809 
12.881305185414046 
13.69479315499995 
0.0 
0.0 
13.464418117738564 
14.435344706373309 
0.0 
12.453013354466316 
13.287856641840545 
11.693922488081014 
0.0 
0.0 
14.088291357347819 
14.208234358339789 
0.0 
0.0 
12.902940323128275 
12.83703654351734 
12.503577318702689 
12.689124404913258 
14.3727970581781 
14.149588363516528 
13.657206781556859 
11.286557761607957 
0.0 
13.660218788535618 
13.801506286636435 
13.167261322630225 
13.199672344836365 
14.123717274791543 
0.0 
12.103943429891558 
0.0 
11.867278739709663 
13.157504839926116 
13.082814337672275 
14.292105902702065 
13.661110028743662 
12.102303817212649 
12.315432637905378 
11.593857938858223 
14.098854553218757 
0.0 
14.19529530263229 
15.185340053829002 
12.653516879421431 
13.412437531948338 
0.0 
12.296629474285503 
12.878625729805357 
0.0 
13.525520809095068 
14.706496018061188 
11.934059394900794 
13.728770849542663 
14.401679525982452 
0.0 
14.568965513675943 
12.737036036540228 
14.696206869018893 
13.39687231851056 
13.899168076134323 
0.0 
12.79563384450678 
14.047038684227964 
0.0 
0.0 
0.0 
12.828533210455618 
0.0 
12.625480550471082 
12.839991070539886 
12.737458618570459 
13.791366414695004 
15.021674042858372 
0.0 
12.425215903299385 
14.003254366050772 
15.228931396643423 
11.92146906053141 
11.666224002803178 
0.0 
14.131213905086273 
0.0 
0.0 
13.161131882984307 
14.09184856473262 
12.160816849673546 
0.0 
0.0 
12.052907628313285 
13.211127820625654 
0.0 
0.0 
12.778487861222372 
14.115124953948307 
15.018374070821018 
14.12080486302066 
12.868050853745158 
0.0 
13.505067193231886 
14.317483276955974 
13.571515650477815 
0.0 
0.0 
14.149985220736012 
0.0 
13.36221781591308 
13.351353372192145 
12.7431513941125 
12.952195219914133 
12.901621158346112 
0.0 
13.733439082899434 
10.980853606379736 
13.26839579355656 
12.212800334429433 
13.215532999745657 
12.062720767165045 
14.050698944430026 
0.0 
13.438142077743654 
12.677939816390142 
0.0 
0.0 
