10.181152256865566 
10.16867211813223 
10.07815080773465 
10.17367713630342 
10.178664851006472 
10.178664851006472 
10.176173149107491 
10.181152256865566 
10.178664851006472 
10.178664851006472 
10.16867211813223 
10.178664851006472 
10.17367713630342 
10.181152256865566 
10.181152256865566 
10.176173149107491 
10.178664851006472 
10.17367713630342 
10.178664851006472 
10.181152256865566 
10.178664851006472 
10.129283016944967 
10.181152256865566 
10.178664851006472 
10.178664851006472 
10.178664851006472 
10.181152256865566 
10.178664851006472 
10.181152256865566 
10.181152256865566 
10.163649676015826 
10.181152256865566 
10.127994320976393 
10.121533517340033 
10.181152256865566 
10.178664851006472 
10.181152256865566 
10.181152256865566 
10.178664851006472 
10.178664851006472 
10.178664851006472 
10.181152256865566 
10.181152256865566 
10.181152256865566 
10.178664851006472 
10.178664851006472 
10.176173149107491 
10.181152256865566 
10.181152256865566 
10.178664851006472 
10.181152256865566 
10.178664851006472 
10.181152256865566 
10.178664851006472 
10.176173149107491 
10.181152256865566 
10.178664851006472 
10.122827994807668 
10.181152256865566 
10.181152256865566 
10.125413470483316 
10.178664851006472 
10.178664851006472 
10.178664851006472 
10.171176797651771 
10.176173149107491 
10.181152256865566 
10.176173149107491 
10.181152256865566 
10.181152256865566 
10.181152256865566 
10.176173149107491 
10.181152256865566 
10.163649676015826 
10.178664851006472 
10.181152256865566 
10.181152256865566 
10.130570562805428 
10.178664851006472 
10.181152256865566 
10.176173149107491 
10.129283016944967 
10.17367713630342 
10.181152256865566 
10.178664851006472 
10.181152256865566 
10.178664851006472 
10.07815080773465 
10.181152256865566 
10.181152256865566 
10.171176797651771 
10.181152256865566 
10.130570562805428 
10.181152256865566 
10.178664851006472 
10.178664851006472 
10.178664851006472 
10.178664851006472 
10.181152256865566 
10.171176797651771 
10.176173149107491 
10.181152256865566 
10.178664851006472 
10.178664851006472 
10.17367713630342 
10.16867211813223 
10.178664851006472 
10.181152256865566 
9.533329732305834 
10.181152256865566 
10.181152256865566 
10.181152256865566 
10.181152256865566 
10.181152256865566 
10.181152256865566 
10.163649676015826 
10.181152256865566 
10.178664851006472 
10.16867211813223 
10.17367713630342 
10.181152256865566 
10.176173149107491 
10.181152256865566 
10.176173149107491 
10.181152256865566 
10.181152256865566 
10.178664851006472 
9.485829308701904 
10.122827994807668 
10.181152256865566 
10.181152256865566 
10.127994320976393 
10.178664851006472 
10.181152256865566 
10.178664851006472 
10.178664851006472 
10.181152256865566 
10.176173149107491 
10.178664851006472 
10.176173149107491 
