10.73640193131829 
9.679480099505446 
10.447083226209653 
9.91139198784346 
10.689997971419444 
10.579315937580015 
10.31628153174622 
9.92481250360578 
10.667111542075027 
10.508785162064513 
10.373952655370193 
10.547858506058418 
8.434628227636725 
10.742309436084 
10.807354922057604 
10.639340708652233 
10.824958740528523 
10.591522346570734 
9.016808287686553 
10.823367240046235 
10.787902559391432 
10.605479518061669 
10.681238411777805 
10.62935662007961 
10.650154213675094 
10.555547771647065 
8.985841937003341 
10.820178962415188 
10.727069558023706 
10.169925001442314 
8.991521846075695 
10.809768128710413 
10.592457037268082 
10.029287226968245 
10.733015321685963 
10.817783121774534 
10.81538329581354 
10.783816759320182 
10.688250309133178 
10.632086412835182 
10.224001674198105 
10.764042217306589 
10.228818690495881 
10.821773981970567 
10.807354922057604 
10.043027283594549 
10.599912842187129 
10.145932145820517 
10.7657004876511 
10.57742882803575 
10.648357582009666 
10.76983784362944 
10.20212382383046 
10.001408194392809 
10.743992861060175 
10.73640193131829 
10.623881490013458 
9.041659151637216 
10.7431513941125 
10.831307243802051 
10.521600439723727 
10.76155123244448 
10.733862719678543 
9.044394119358454 
9.991521846075695 
9.908392620773752 
10.686500527183219 
10.82972273508606 
10.782179193831208 
10.82972273508606 
10.832890014164741 
8.897845456005513 
10.831307243802051 
10.661778097771988 
10.81538329581354 
10.651948610723448 
10.788718332690458 
10.566054038171092 
10.742309436084 
10.783816759320182 
9.661778097771988 
9.751544059089097 
8.76155123244448 
9.068778277985412 
9.94251450533924 
10.124121311829187 
10.727069558023706 
10.544964432789238 
10.784634845557521 
10.82972273508606 
10.667111542075027 
10.56128794516483 
10.740624044489413 
10.834471049984222 
10.759888183221834 
10.78053976747196 
9.111135670234708 
10.785452468158542 
9.111135670234708 
10.61654884377899 
10.772314573921653 
10.82972273508606 
10.184875342908283 
10.648357582009666 
0.0 
9.935165049603695 
10.741466986401146 
10.138271800172221 
8.710806433699352 
10.638435913990472 
10.822570830950168 
10.834471049984222 
10.80332391904149 
9.214319120800766 
10.732167425663386 
10.660887270302567 
10.820178962415188 
10.727069558023706 
9.834471049984222 
10.41996017784789 
10.226412192788786 
10.471675214392045 
10.61654884377899 
10.744833837499547 
10.697836357962377 
10.701306461958625 
9.985841937003341 
0.0 
10.651948610723448 
10.17367713630342 
10.822570830950168 
10.470658874060552 
10.786269627648466 
10.782998208920413 
10.784634845557521 
10.641148597411233 
10.782998208920413 
10.192292814470768 
10.689124404913258 
10.595257481449035 
