0.0 
0.0 
0.0 
0.0 
0.0 
0.0 
11.802112418586066 
0.0 
11.165535141377923 
12.20762446822676 
0.0 
12.32895536178133 
0.0 
11.688687423222536 
13.721953612801386 
12.432019846812493 
13.665002744086227 
0.0 
12.736190500960927 
13.34955768662052 
13.950191349972702 
0.0 
0.0 
12.536490073199163 
0.0 
13.465948964154256 
0.0 
14.313449940963057 
0.0 
0.0 
11.676397887044763 
0.0 
0.0 
0.0 
13.382083590141969 
13.971274101179706 
12.86379910372885 
12.482303782323184 
0.0 
0.0 
13.407533331671324 
12.94891470931216 
14.664891669286089 
13.993911366979226 
12.750706986224948 
11.484319423644267 
0.0 
0.0 
12.512493573945038 
0.0 
0.0 
0.0 
11.217351905270334 
12.00842862207058 
12.633222303800787 
0.0 
11.870750003346114 
12.01506653323029 
13.535396892311832 
14.5389770084437 
0.0 
12.899356922923111 
0.0 
10.239598529249124 
12.685624839726355 
10.55170826162069 
13.36755126021612 
14.177653116074568 
10.839991070539886 
12.037203741151975 
12.418643249375897 
10.626621652358372 
12.378836713210614 
11.890264277021108 
12.133784409179908 
0.0 
14.252147979761782 
0.0 
13.635264656539514 
13.850284524956027 
12.588246152044817 
0.0 
11.676397887044763 
12.643405277115676 
0.0 
0.0 
0.0 
12.210671343785622 
14.555847303474339 
13.86350875487853 
9.938109326219239 
0.0 
0.0 
14.658936665387909 
13.288721912782648 
0.0 
13.112928141855111 
12.299494239009364 
0.0 
0.0 
14.009478745888064 
14.421801860469873 
0.0 
10.310612781659529 
0.0 
0.0 
12.414949441474263 
0.0 
0.0 
0.0 
13.39941145174687 
13.479906544832795 
10.852529509404196 
13.24733417802873 
0.0 
11.788310503700918 
11.806146803320525 
14.405274448806427 
10.237209960755022 
0.0 
14.247556707406412 
0.0 
12.412569846805209 
0.0 
13.134747168669017 
0.0 
0.0 
0.0 
12.693051295397 
12.432019846812493 
12.784021324374178 
11.681238411777805 
13.22836777783683 
0.0 
13.850186837645776 
0.0 
10.370687406807217 
13.03857610276879 
12.703254733748146 
0.0 
