10.178664851006472 
10.611946941819982 
10.263269200372662 
10.020979938904212 
10.51865315567339 
10.537218400538597 
10.113742166049189 
10.69522829149575 
10.730470137184222 
10.611024797307353 
10.309476353841106 
9.99859042974533 
9.89178370321831 
10.734709620225837 
10.804131021183318 
10.498849206531725 
10.82972273508606 
8.885696373339394 
10.44190670454224 
10.782179193831208 
10.78953364497036 
0.0 
10.764042217306589 
10.014020470314936 
9.970105890612182 
9.965784284662087 
10.070120944476823 
10.826548487290914 
10.778898476008376 
10.056637715113201 
9.60177078840771 
10.78053976747196 
9.011227255423254 
10.488844346457336 
10.654636028527968 
10.823367240046235 
10.685624839726355 
10.77313920671969 
10.498849206531725 
10.688250309133178 
10.779719355143405 
10.813781191217037 
10.828136484194108 
10.767356854125685 
10.203348002979764 
10.654636028527968 
9.975847968006786 
10.087462841250339 
10.674192268145685 
10.646558710154547 
10.187352073200497 
10.729620743553038 
10.7632123668144 
10.01262453886506 
10.732167425663386 
10.691743519171276 
10.73640193131829 
10.721099188707186 
10.721953612801386 
10.834471049984222 
10.259743263690781 
10.56128794516483 
10.115043650161711 
10.709083812550345 
10.623881490013458 
8.92184093707449 
10.79116288855502 
10.826548487290914 
10.738092259620492 
10.826548487290914 
10.832890014164741 
9.870364719583405 
10.824958740528523 
10.583082767502933 
10.734709620225837 
10.624795455860237 
10.82972273508606 
10.574593527337612 
10.74819284958946 
10.689997971419444 
8.794415866350105 
9.57553924683453 
9.663558104217273 
10.741466986401146 
10.036173612553485 
10.69522829149575 
10.688250309133178 
10.567956075415466 
10.831307243802051 
10.826548487290914 
9.927777962082342 
10.774787059601174 
10.747353829478062 
10.834471049984222 
10.67860013909946 
10.786269627648466 
10.711666973564347 
10.782179193831208 
10.727069558023706 
10.658211482751796 
10.800090987624994 
10.743992861060175 
10.628445540137182 
10.12670447284319 
0.0 
10.256208688527387 
10.591522346570734 
10.676838606474155 
8.784634845557521 
10.762382038710394 
10.78135971352466 
10.834471049984222 
10.7714894695006 
10.82972273508606 
10.76487159073609 
10.611024797307353 
10.222794902868111 
10.812979471251483 
10.651948610723448 
10.484822894262146 
10.831307243802051 
10.461479447286157 
10.569855608330949 
10.647458426454921 
10.722807531169547 
10.828136484194108 
9.087462841250339 
9.558420713268665 
10.640244936222347 
10.626621652358372 
10.779719355143405 
10.02513956227851 
10.817783121774534 
10.208234358339789 
10.828136484194108 
10.655530723155643 
10.7279204545632 
10.77066389291676 
10.539158811108031 
9.951284714966972 
