0.0 
0.0 
0.0 
10.501837184902298 
0.0 
13.37164053461181 
0.0 
12.283956487665115 
11.792383614935188 
12.799888688663591 
0.0 
12.50457073932441 
0.0 
12.075813377461454 
13.984062369686438 
12.892732532611861 
14.361052776983412 
0.0 
12.940130036481445 
13.77797442834002 
14.590060678960862 
0.0 
13.128477716873324 
12.928148216169038 
0.0 
13.700656452918167 
0.0 
14.770767115829614 
14.218336189101402 
0.0 
0.0 
12.830317129810208 
0.0 
12.495105510007784 
13.646333693380967 
14.821076377889263 
13.040289721025717 
13.545809137366605 
12.880731435141664 
0.0 
13.844901876019783 
14.176017274757937 
15.138711774265923 
14.37680369811414 
13.091270081821463 
0.0 
0.0 
0.0 
13.506555530751324 
13.085970312193949 
12.943247395901555 
12.006676715308988 
14.12968549847663 
12.1526017440192 
12.809768128710415 
0.0 
12.447341565370676 
12.853894313247613 
14.457124331540806 
15.1766017167513 
0.0 
13.259154768866841 
0.0 
11.26502894245816 
13.01906942933111 
0.0 
14.0256586729435 
14.99134468698652 
12.028251428162791 
14.624681241788934 
13.622623840811512 
0.0 
13.924534179105857 
11.971902746045469 
14.405340937044839 
0.0 
14.683707418326145 
0.0 
14.003166506665169 
14.509342031900433 
12.81818270494864 
0.0 
0.0 
13.607330313749612 
0.0 
12.57553924683453 
0.0 
12.605248001565803 
14.959730314813983 
14.048657153725895 
0.0 
12.22037832769523 
13.64779567546278 
14.962082633851564 
13.742414707713138 
12.401146182153498 
13.61125538869934 
13.809265710094545 
0.0 
11.077483356859506 
14.716926609389034 
14.67126461950371 
12.4178525148859 
0.0 
0.0 
0.0 
12.746724244025833 
0.0 
0.0 
11.1705510353167 
13.82386477256863 
14.812077003429318 
11.451211111832329 
14.112683845005677 
11.788310503700918 
10.873444112515378 
12.296055838078784 
14.646446206154733 
12.071462362556623 
0.0 
14.59064552372357 
0.0 
12.390975006155536 
0.0 
14.254142846855748 
14.18928406459843 
0.0 
0.0 
13.007202510749742 
13.475353457730133 
13.80966765898365 
0.0 
13.633222303800787 
12.422327623974557 
14.699572453287269 
13.492228749252222 
13.12605911607068 
13.64891926978818 
12.881687558870004 
0.0 
