10.164906926675688 
10.619302955415687 
10.660887270302567 
10.672425341971495 
10.584962500721156 
9.884170519108435 
10.659103963473662 
9.134426320220927 
10.757390009366638 
10.714245517666123 
10.536247215688128 
10.030667136246942 
10.63026712502677 
10.73640193131829 
10.800899899920305 
10.654636028527968 
10.816183681432342 
8.980139577639157 
10.61470984411521 
10.774787059601174 
10.787902559391432 
9.103287808412022 
10.659103963473662 
10.664447284547972 
9.945443836377912 
10.651948610723448 
10.600842114387302 
10.824958740528523 
10.73724734302774 
9.995767150877802 
10.660887270302567 
10.734709620225837 
9.955649907528375 
9.978710459106358 
10.691743519171276 
10.80896417491926 
10.111135670234708 
10.686500527183219 
9.917372079476841 
10.143383213989821 
10.779719355143405 
10.807354922057604 
10.820178962415188 
10.760719947465624 
10.200898605038445 
10.749869427396844 
10.079484783826816 
10.684748620421626 
10.669770888525518 
10.67860013909946 
10.153552031708111 
10.688250309133178 
10.75905593916017 
10.007027266893969 
10.7279204545632 
10.02513956227851 
10.731319031025064 
10.153552031708111 
10.73640193131829 
10.832890014164741 
10.499845887083206 
10.714245517666123 
10.087462841250339 
10.74819284958946 
10.660887270302567 
10.188588845707349 
10.754887502163468 
10.81698362325538 
10.722807531169547 
10.78135971352466 
10.78953364497036 
10.719388820942083 
10.783816759320182 
10.145932145820517 
10.686500527183219 
10.635718120331047 
10.823367240046235 
10.712527000439824 
10.786269627648466 
10.638435913990472 
10.73978060977326 
10.600842114387302 
10.536247215688128 
9.179909090014934 
10.714245517666123 
10.65105169117893 
10.683871868622605 
10.665335917185176 
10.823367240046235 
10.826548487290914 
10.741466986401146 
10.728770849542665 
10.740624044489413 
10.831307243802051 
10.638435913990472 
10.699572453287269 
10.703903573444665 
10.775610280759539 
10.682994583681683 
10.671541066711884 
10.757390009366638 
10.740624044489413 
10.679480099505446 
10.751544059089099 
10.536247215688128 
10.536247215688128 
10.602698865017965 
10.688250309133178 
10.127994320976393 
10.63753055152531 
10.774787059601174 
10.831307243802051 
10.769011321097015 
10.787902559391432 
10.722807531169547 
10.77807712953536 
10.188588845707349 
10.81538329581354 
10.659103963473662 
10.066089190457772 
10.82972273508606 
10.675074920385445 
10.720244258287567 
10.67065624911844 
10.75905593916017 
10.213104219641908 
10.005624549193877 
10.583082767502933 
10.642051692927977 
10.682116764950074 
10.735556023911535 
10.709945380232497 
10.812177305514448 
10.192292814470768 
10.785452468158542 
10.671541066711884 
10.719388820942083 
10.767356854125685 
10.562242424221072 
10.635718120331047 
