0.0 
12.71853287606922 
0.0 
0.0 
0.0 
12.570092874188056 
0.0 
0.0 
0.0 
14.744150581488247 
0.0 
0.0 
0.0 
13.316564385396944 
13.432019846812493 
13.59921549501772 
12.88397967380875 
0.0 
10.782179193831208 
0.0 
0.0 
11.79116288855502 
13.923048874254617 
13.234368389756366 
12.405939193342398 
10.26795708440284 
11.667555107041132 
12.832296678749886 
0.0 
13.902375114486027 
0.0 
12.502583213553354 
0.0 
13.631063345749958 
13.657206781556859 
14.95605846798069 
12.454042197470082 
12.510516940594709 
11.86843675585817 
11.4681148863781 
14.464162818668548 
0.0 
13.822769974444292 
0.0 
11.80049550046681 
12.210671343785622 
0.0 
12.60246690183057 
0.0 
0.0 
12.913637428049103 
12.649929757036618 
10.615629636968098 
13.412305204955272 
14.53442448008131 
0.0 
0.0 
0.0 
0.0 
0.0 
12.566291930007873 
12.51298730941902 
11.988329649231087 
12.479527669256349 
10.671541066711884 
