9.715961990255146 
10.820178962415188 
8.566054038171092 
10.062046137720492 
10.758223214726724 
10.671541066711884 
10.740624044489413 
9.030667136246942 
10.4241662888181 
10.828136484194108 
8.909893083770042 
9.036173612553485 
10.728770849542665 
10.812177305514448 
10.774787059601174 
10.81538329581354 
10.726218159332198 
10.728770849542665 
10.760719947465624 
10.786269627648466 
10.785452468158542 
10.398743691938193 
10.82097669262124 
10.72451385311995 
10.774787059601174 
10.709945380232497 
10.82972273508606 
10.775610280759539 
10.731319031025064 
10.794415866350107 
10.823367240046235 
10.800899899920305 
8.909893083770042 
10.824958740528523 
10.183635381473218 
10.831307243802051 
10.783816759320182 
10.05528243550119 
10.681238411777805 
10.786269627648466 
10.831307243802051 
9.533329732305834 
10.792790294301064 
10.122827994807668 
9.977279923499918 
10.480790201095816 
10.4655664048094 
10.672425341971495 
10.541096615349524 
9.92184093707449 
10.548821908458752 
10.734709620225837 
10.759888183221834 
10.777255315191923 
10.824958740528523 
10.686500527183219 
8.535275376620802 
10.127994320976393 
9.79766152585376 
10.727069558023706 
10.709083812550345 
10.281930026955443 
10.768184324776927 
10.19598729802851 
10.751544059089099 
