10.100662339005199 
10.8193807908646 
10.072802534544207 
10.107217075591384 
10.723660944409984 
10.664447284547972 
10.733015321685963 
9.118941072723507 
10.626621652358372 
10.81858217748086 
10.541096615349524 
10.665335917185176 
10.599912842187129 
10.77313920671969 
10.764042217306589 
10.81538329581354 
10.67595703294175 
10.722807531169547 
10.762382038710394 
10.705632387361414 
10.734709620225837 
10.592457037268082 
10.812979471251483 
10.727069558023706 
10.689997971419444 
10.754052367528924 
10.778898476008376 
10.76983784362944 
10.711666973564347 
10.19598729802851 
10.730470137184222 
10.79766152585376 
9.854868383260238 
10.16741814583174 
10.738092259620492 
10.828136484194108 
10.779719355143405 
10.053925881531105 
10.722807531169547 
10.779719355143405 
10.824958740528523 
10.62935662007961 
10.78953364497036 
10.145932145820517 
10.579315937580015 
10.62935662007961 
10.660887270302567 
10.665335917185176 
10.600842114387302 
10.428360172704291 
10.65284497300198 
10.732167425663386 
10.757390009366638 
10.77313920671969 
10.823367240046235 
10.083479327331842 
10.668884984266247 
10.029287226968245 
10.06339508128851 
10.682994583681683 
10.700439718141093 
10.553629293916366 
10.721099188707186 
10.187352073200497 
10.729620743553038 
