0.0 
11.884552133987235 
0.0 
10.67860013909946 
0.0 
13.984240425230125 
0.0 
13.182083929510725 
0.0 
12.965784284662087 
0.0 
0.0 
0.0 
13.42953750924948 
13.357689449961006 
12.283956487665115 
13.991876099003415 
13.366185588928145 
0.0 
12.101975670949232 
13.434888806530397 
0.0 
14.373680833411614 
13.49909844122888 
12.525765478821915 
0.0 
14.45571250406727 
0.0 
11.495355392235982 
14.158688573581854 
13.71831881047926 
12.50432244829189 
12.687156944138907 
0.0 
13.70973003654363 
15.25392133112367 
14.712527000439822 
13.839892683726271 
0.0 
0.0 
14.31493721906334 
0.0 
14.641092135166703 
0.0 
12.437752072323603 
12.737458618570459 
0.0 
13.328674927327947 
0.0 
0.0 
0.0 
14.426526848451731 
10.483815777264256 
14.629242766546751 
14.851456257033341 
12.440869167610868 
0.0 
0.0 
0.0 
12.668220198888896 
14.494918069929453 
12.844117269587995 
10.802516365121223 
14.136590663791404 
12.524786550851607 
