12.163964091412272 
13.325446006995964 
0.0 
0.0 
11.342630298678408 
12.778487861222372 
0.0 
0.0 
0.0 
15.099553284466875 
0.0 
0.0 
11.461990950585571 
14.271317116901379 
13.696206869018893 
14.048231416702446 
13.078317622216064 
0.0 
12.077149515589733 
12.65463602852797 
12.649031581106666 
0.0 
14.477947949149222 
14.359475048849543 
13.415213598765286 
12.662223305317841 
13.687266317933805 
13.984596470404904 
11.56271942704932 
14.124363679749269 
14.14807930968757 
12.96560393650998 
13.007202510749742 
14.829326335841667 
13.956920604721088 
15.233132804864539 
12.835458318236594 
12.699355555588465 
13.331756712255471 
12.401146182153498 
15.22207790449401 
0.0 
14.829673191136436 
0.0 
0.0 
12.605248001565803 
12.731743290707842 
12.879966079664356 
0.0 
0.0 
13.475860066475883 
12.981388896117208 
11.282509306240838 
13.674412981837063 
14.965603936509982 
0.0 
0.0 
0.0 
0.0 
0.0 
12.841760886800547 
12.733015321685963 
13.15006457908147 
12.889313822384395 
11.272046524389937 
