9.802516365121223 
10.760719947465624 
9.674192268145685 
10.743992861060175 
9.816983623255382 
10.823367240046235 
10.725366257895642 
10.752380646552893 
10.559377090526684 
10.162391328756906 
10.116343961237469 
9.994353436858859 
10.696967526234287 
10.773963368433558 
10.764042217306589 
10.734709620225837 
10.653740778706569 
10.722807531169547 
10.669770888525518 
10.147204924942228 
10.824958740528523 
10.008428622070582 
10.823367240046235 
10.773963368433558 
10.045759661382684 
8.927777962082342 
10.824958740528523 
10.682116764950074 
10.711666973564347 
10.791976820898688 
10.78053976747196 
10.730470137184222 
9.779719355143405 
10.742309436084 
10.76487159073609 
10.832890014164741 
10.81858217748086 
10.711666973564347 
10.125413470483316 
10.099347810403193 
10.78953364497036 
8.092757140919852 
10.831307243802051 
10.083479327331842 
9.672425341971495 
10.589651146514786 
10.519636252843213 
10.673309075561695 
10.647458426454921 
9.011227255423254 
10.535275376620804 
10.820178962415188 
10.188588845707349 
10.81538329581354 
10.823367240046235 
10.73640193131829 
8.566054038171092 
10.690871009292314 
8.696967526234287 
10.095397022792557 
10.784634845557521 
8.693486957499326 
10.7657004876511 
10.807354922057604 
10.669770888525518 
