5.643856189774724 
5.643856189774724 
5.643856189774724 
5.643856189774724 
5.643856189774724 
5.643856189774724 
5.643856189774724 
5.584962500721157 
5.643856189774724 
5.643856189774724 
5.643856189774724 
5.643856189774724 
5.643856189774724 
4.643856189774724 
5.643856189774724 
5.643856189774724 
5.643856189774724 
5.643856189774724 
5.643856189774724 
5.643856189774724 
5.643856189774724 
5.643856189774724 
5.643856189774724 
5.643856189774724 
4.643856189774724 
5.643856189774724 
5.643856189774724 
5.643856189774724 
5.584962500721157 
5.643856189774724 
5.584962500721157 
5.643856189774724 
5.643856189774724 
5.643856189774724 
5.643856189774724 
5.643856189774724 
5.643856189774724 
5.643856189774724 
5.643856189774724 
5.643856189774724 
5.584962500721157 
5.643856189774724 
5.643856189774724 
5.643856189774724 
5.643856189774724 
5.643856189774724 
5.643856189774724 
5.643856189774724 
5.643856189774724 
5.523561956057013 
5.643856189774724 
5.584962500721157 
5.643856189774724 
5.643856189774724 
5.643856189774724 
5.584962500721157 
5.643856189774724 
5.643856189774724 
5.643856189774724 
5.643856189774724 
5.643856189774724 
5.584962500721157 
5.643856189774724 
5.643856189774724 
5.643856189774724 
5.643856189774724 
5.643856189774724 
5.643856189774724 
5.643856189774724 
