9.920352855415082 
10.775610280759539 
10.784634845557521 
10.776433032444734 
10.75905593916017 
10.828136484194108 
10.07815080773465 
10.098032082960527 
10.710806433699352 
10.82972273508606 
10.53430288245463 
10.627533884472792 
10.824958740528523 
9.656424863277781 
10.786269627648466 
10.775610280759539 
10.74819284958946 
10.817783121774534 
10.219168520462162 
10.721099188707186 
10.568906154502084 
9.087462841250339 
10.787902559391432 
10.053925881531105 
10.075479149488016 
10.782998208920413 
10.726218159332198 
10.599912842187129 
9.776433032444734 
9.092757140919852 
10.813781191217037 
9.019590728357882 
10.642051692927977 
10.7431513941125 
10.682994583681683 
9.843921051289035 
10.77313920671969 
10.087462841250339 
10.821773981970567 
10.12023787734196 
9.958552715431011 
10.745674324002135 
10.656424863277781 
10.754887502163468 
10.831307243802051 
10.651948610723448 
9.98299357469431 
9.831307243802051 
10.774787059601174 
8.810571634741148 
10.05528243550119 
10.643856189774725 
10.78053976747196 
10.82972273508606 
10.116343961237469 
10.81858217748086 
10.779719355143405 
10.610102062999665 
10.57742882803575 
10.73724734302774 
10.778898476008376 
10.711666973564347 
10.79685079526716 
10.782998208920413 
10.71338651493703 
10.817783121774534 
10.646558710154547 
10.773963368433558 
10.659103963473662 
