10.041659151637216 
10.18239435340453 
10.774787059601174 
9.049848549450562 
10.679480099505446 
10.779719355143405 
10.676838606474155 
9.20212382383046 
10.722807531169547 
10.828136484194108 
9.980139577639157 
10.51865315567339 
10.77807712953536 
9.103287808412022 
10.772314573921653 
10.725366257895642 
10.71681946132995 
10.731319031025064 
10.731319031025064 
10.682994583681683 
10.680359523513713 
10.047123912114026 
10.81858217748086 
10.599912842187129 
10.706496018061188 
10.77807712953536 
10.151016538892248 
10.647458426454921 
10.556506054671928 
10.604553229079038 
10.164906926675688 
9.204571144249204 
10.63117705570398 
10.787902559391432 
10.131856960608793 
10.576484346796851 
10.689124404913258 
10.597121428789569 
10.779719355143405 
10.732167425663386 
10.573647187493323 
10.785452468158542 
10.664447284547972 
10.811374693509942 
10.78953364497036 
10.690871009292314 
10.048486873992337 
8.974414589805528 
10.726218159332198 
10.005624549193877 
10.026523442519766 
10.171176797651771 
10.682994583681683 
10.738092259620492 
8.985841937003341 
9.197216693110052 
10.782179193831208 
10.731319031025064 
10.62935662007961 
10.774787059601174 
10.676838606474155 
10.14210705730255 
10.71338651493703 
10.817783121774534 
10.682116764950074 
10.733015321685963 
10.639340708652233 
10.679480099505446 
10.710806433699352 
