9.7632123668144 
10.188588845707349 
10.782998208920413 
10.738092259620492 
10.67860013909946 
10.78135971352466 
10.757390009366638 
9.216745858195306 
10.766528908598865 
10.831307243802051 
9.776433032444734 
10.570804437724497 
10.764042217306589 
0.0 
10.824163209744158 
10.689124404913258 
10.709945380232497 
10.784634845557521 
10.779719355143405 
10.648357582009666 
10.752380646552893 
9.939579214314692 
10.824163209744158 
10.625708843064466 
0.0 
10.784634845557521 
10.72451385311995 
10.655530723155643 
8.67595703294175 
9.207014320177533 
10.203348002979764 
10.735556023911535 
10.124121311829187 
10.831307243802051 
9.929258408636974 
10.532355925288849 
10.60917873814198 
10.642051692927977 
10.826548487290914 
10.73978060977326 
9.89178370321831 
10.787086324551618 
10.641148597411233 
10.817783121774534 
10.834471049984222 
10.568906154502084 
10.60917873814198 
8.632995197142959 
10.73724734302774 
9.087462841250339 
10.156083076288683 
10.213104219641908 
10.672425341971495 
10.821773981970567 
10.604553229079038 
9.204571144249204 
10.787086324551618 
10.758223214726724 
10.634811050171718 
10.77807712953536 
10.208234358339789 
8.90689059560852 
10.73978060977326 
10.822570830950168 
10.688250309133178 
10.77807712953536 
10.547858506058418 
10.706496018061188 
10.592457037268082 
