0.0 
13.777769004013761 
13.805240049886716 
13.260625556068229 
14.170316304447475 
15.29978040285854 
13.255766257128808 
12.49160260669611 
13.842350343413807 
13.90143260772951 
0.0 
0.0 
14.317695245765163 
0.0 
13.98744167293612 
11.760304125286382 
13.143064280631412 
14.072969968542061 
11.777666280880755 
0.0 
13.00825352709605 
0.0 
13.879774677336927 
0.0 
0.0 
12.607561496354206 
13.98992663055989 
0.0 
0.0 
0.0 
14.248149951327756 
12.532112370795 
12.508537595347324 
14.487840033823051 
13.971453741952057 
0.0 
12.593157658103003 
0.0 
14.144419260742344 
12.978352958165143 
0.0 
0.0 
0.0 
14.401346209195882 
14.926295994781112 
12.7714894695006 
12.591288579246092 
0.0 
14.383434301822776 
12.901621158346112 
0.0 
12.754052367528924 
13.630608416289068 
15.064237530971361 
0.0 
14.72120601939633 
13.27786854617684 
13.132178380915544 
12.881305185414046 
11.560810468727942 
13.587660333609477 
11.378836713210614 
13.681018739902102 
14.531990578127592 
13.85642552862553 
13.398075622909868 
13.416401708396238 
13.40580626893627 
0.0 
