0.0 
12.561049226699673 
14.056299014550337 
0.0 
13.44527355564064 
14.611543576119823 
14.017156386383114 
0.0 
13.670324302564637 
14.964024927754984 
0.0 
13.63753055152531 
14.62696380700029 
0.0 
13.733968609439012 
13.508661384016229 
14.185107717079823 
12.583787954502336 
13.27699673929712 
0.0 
13.829722735086058 
0.0 
14.073723181157018 
0.0 
0.0 
13.507670777134367 
11.895953892812168 
12.253552062637462 
0.0 
0.0 
0.0 
13.242132057682374 
11.555068391333338 
14.89259024797829 
0.0 
0.0 
0.0 
0.0 
14.314370817705175 
12.959458646412672 
0.0 
13.573647187493322 
0.0 
14.886029938939673 
15.25166732173938 
12.385053488346152 
0.0 
0.0 
14.437947088212455 
0.0 
0.0 
12.995767150877802 
13.119751712201424 
14.376125389276174 
0.0 
0.0 
11.97692206785108 
13.665780028329484 
0.0 
13.186888010029962 
13.64712109859222 
12.197523878257787 
13.05866825034057 
14.35844516537388 
12.574830015337632 
14.420947085906594 
12.84470576441194 
0.0 
0.0 
