0.0 
11.653292945382816 
13.662000718718483 
0.0 
11.40832974076739 
13.762174381993104 
13.583787954502336 
0.0 
12.648357582009664 
13.905763049602793 
0.0 
13.427050893150879 
12.21704891355634 
0.0 
12.342352510087796 
12.394462694610317 
13.536732889835415 
11.602234901341065 
11.901998185668495 
0.0 
11.846273911349906 
0.0 
13.648020464344645 
0.0 
10.332036548361652 
11.319672120946995 
0.0 
12.105253779700885 
0.0 
0.0 
0.0 
12.433846208442823 
0.0 
14.172193082910496 
0.0 
0.0 
0.0 
0.0 
13.365365565199612 
12.59549060660764 
0.0 
11.890264277021108 
0.0 
14.38444650634117 
14.373952655370195 
12.09901899101923 
0.0 
0.0 
13.547617554902804 
0.0 
0.0 
12.45763738099176 
10.26795708440284 
12.5634346357102 
0.0 
0.0 
11.519144787997414 
13.284679534360391 
0.0 
12.804332726187617 
12.7737573721398 
0.0 
12.548099416978388 
13.912982868924143 
12.042001306279133 
13.539280000157696 
0.0 
0.0 
10.349834091457248 
