0.0 
13.10590850857116 
12.42678889459556 
13.484067622432198 
13.010528105886484 
0.0 
0.0 
0.0 
0.0 
0.0 
12.81818270494864 
12.069785394983302 
14.245998280472708 
14.187042714339894 
13.519759092899559 
12.4178525148859 
14.201205007299528 
13.056129634445549 
12.75884780310832 
12.422853195944265 
12.752380646552893 
13.65430037494371 
0.0 
11.437231901039478 
13.475226777742266 
13.520373136339725 
13.500219464843928 
11.359200485133632 
0.0 
0.0 
0.0 
13.01576348736988 
12.531625138422623 
0.0 
13.139711216661896 
13.526499239136566 
11.852139328187244 
11.787494499696763 
14.69490195142856 
14.463141170371708 
13.322913975268015 
13.323336289280173 
0.0 
13.823466760278116 
13.7425199716613 
13.535882852751252 
0.0 
13.082814337672275 
12.523071826940395 
12.33119687715303 
12.093087390444218 
0.0 
0.0 
14.415147563976815 
12.9762060901486 
14.061539958530144 
14.35933777352322 
13.797864137333749 
14.035486451292154 
11.852139328187244 
12.659995892429977 
13.96352831072172 
13.335390354693924 
0.0 
14.366458826626097 
12.370959793297384 
0.0 
14.329025461878082 
13.607908200815576 
0.0 
0.0 
12.943064208162005 
13.596306248133727 
15.126664146501394 
13.67065624911844 
0.0 
12.781564627244327 
0.0 
10.828929827651486 
0.0 
0.0 
14.113742166049189 
0.0 
11.749869427396845 
13.761031735466887 
13.970465440779996 
12.62388149001346 
13.214622686302336 
0.0 
0.0 
13.445661533333146 
13.731531176461942 
12.543273538449805 
0.0 
14.283233078413188 
0.0 
11.886077584873096 
13.775713150383519 
12.941597868266095 
0.0 
13.834075953434883 
0.0 
13.186423797538945 
0.0 
12.07815080773465 
0.0 
14.469451039238107 
13.06406908038551 
0.0 
13.689997971419446 
13.023581108623029 
12.155134454857754 
0.0 
0.0 
12.634130373093326 
14.261066499999393 
12.71896091198421 
13.365775635326269 
0.0 
14.031701202740303 
14.038061620133599 
12.067770457447825 
0.0 
0.0 
0.0 
0.0 
13.516684949309612 
12.733015321685963 
0.0 
12.903505310423881 
0.0 
0.0 
12.00842862207058 
10.997885127829111 
12.361121334734788 
14.559974504523746 
14.770767115829614 
12.799079209029008 
0.0 
13.046612469258132 
12.778487861222372 
14.245032695679457 
11.929258408636972 
12.124767535822473 
11.362491806046064 
12.11829223302699 
13.458791075608131 
0.0 
14.071043303373125 
12.693051295397 
0.0 
12.10590850857116 
0.0 
14.059766931482775 
13.104271128936894 
0.0 
14.142904787508604 
0.0 
12.85836959985474 
0.0 
12.598750409571755 
13.665113810335244 
0.0 
0.0 
11.401412878714178 
0.0 
14.916532625412879 
0.0 
0.0 
0.0 
13.632881630406102 
13.908955477289462 
11.878050912728536 
12.436971745049073 
14.240269602231635 
12.87536540064177 
13.638322774748687 
0.0 
13.43827205612483 
12.430452551665534 
14.3131664759772 
0.0 
10.934428040626804 
0.0 
12.808360915432786 
14.601654736841795 
0.0 
0.0 
13.144020869266893 
12.52943055414615 
0.0 
14.002990771840553 
13.555667591840722 
13.985841937003341 
0.0 
11.442425193331609 
13.38586240064146 
12.89614316077451 
0.0 
0.0 
13.056129634445549 
0.0 
0.0 
12.65374077870657 
0.0 
12.970105890612182 
13.746724244025831 
13.14720492494223 
0.0 
14.721045770395937 
0.0 
14.049848549450562 
0.0 
13.5980525001616 
11.200285605224298 
0.0 
0.0 
0.0 
0.0 
0.0 
12.984774460046841 
0.0 
0.0 
14.359131836039337 
12.895953892812168 
0.0 
12.721740054213047 
14.02228111000004 
13.828731532683008 
0.0 
14.182394353404527 
0.0 
12.866313015702193 
13.192138672150957 
14.371164049420933 
12.1879705919842 
13.728770849542663 
14.950464768914273 
0.0 
0.0 
12.16867211813223 
0.0 
0.0 
12.86128080358871 
11.556026992724679 
13.064574373149144 
11.958190183693738 
12.068778277985412 
0.0 
14.02124026702273 
0.0 
14.951603457067034 
13.662890859139063 
0.0 
13.130892269806624 
0.0 
14.255471227467067 
0.0 
0.0 
11.750288267591653 
11.89973454235751 
0.0 
12.318825220399699 
0.0 
12.75884780310832 
14.330496777638688 
13.279755655721107 
12.557463701597824 
12.496104779340126 
12.886649213371978 
11.719816603018126 
12.58777751632821 
0.0 
13.47813760691872 
12.197216693110054 
0.0 
14.005273656563938 
14.31359165257271 
0.0 
13.365775635326269 
14.50519128001998 
0.0 
12.771902080697718 
0.0 
13.009478745888064 
12.895953892812168 
0.0 
0.0 
12.236911111444602 
13.184565452446156 
0.0 
13.540006920751287 
0.0 
12.361943773735241 
11.740202388767901 
12.984774460046841 
0.0 
0.0 
11.3151495622563 
0.0 
0.0 
13.731212946607142 
14.733015321685963 
12.179909090014934 
14.686664659424155 
12.216442739160492 
12.496604154575603 
0.0 
11.939211882666399 
12.615859493583082 
0.0 
14.021847516680607 
14.22000037190441 
12.867471806961994 
14.766166532965467 
12.84313591111135 
12.242578689451346 
0.0 
12.361121334734788 
0.0 
13.161604304002845 
0.0 
14.786167508020684 
15.122747123984984 
11.610102062999665 
13.596306248133727 
0.0 
13.667665976977085 
12.651724433108065 
14.674357806579733 
14.337761259156672 
14.362012289159988 
10.55170826162069 
0.0 
12.17023805233665 
14.22603581464862 
12.154501693864766 
0.0 
13.772314573921653 
12.184565452446156 
0.0 
0.0 
12.01576348736988 
12.022020969646356 
12.674633661767267 
0.0 
14.350939181546432 
12.677939816390142 
11.78135971352466 
13.152284842306582 
13.277142077033696 
12.807958602256477 
12.42259043389256 
13.831505185085327 
11.64250302878052 
0.0 
0.0 
15.096550453872922 
13.890549291352988 
0.0 
13.605710997410885 
13.355213428116022 
13.846469809923212 
13.959639764364185 
11.826151214800207 
11.78135971352466 
13.318119089975497 
12.483059977871669 
0.0 
14.106644723559947 
0.0 
0.0 
13.373137035802129 
13.909143047339898 
0.0 
0.0 
13.008603695797012 
0.0 
13.315008003600358 
13.917278830920374 
0.0 
13.242280950302444 
14.753843508311638 
0.0 
11.977637690405876 
0.0 
14.630096449114248 
12.98850717892317 
11.847448903982432 
11.181773438808808 
14.621250608337666 
0.0 
14.935855653743618 
12.046100845028803 
14.703471046071948 
0.0 
12.457893837314701 
12.665335917185176 
13.778282509995652 
0.0 
12.319107575824983 
13.244066464194818 
12.668884984266247 
0.0 
0.0 
13.644757592516257 
12.328674927327947 
15.205755074277329 
13.20899635859037 
0.0 
13.898695850984977 
0.0 
0.0 
0.0 
14.556925103422202 
0.0 
0.0 
12.944346034137835 
0.0 
13.109504215757005 
12.755930741084399 
0.0 
12.847253138320841 
13.522458931293773 
14.097620671932876 
12.74588436914204 
0.0 
0.0 
12.220075970984306 
14.993999791792524 
12.737036036540228 
12.061033601681112 
14.32030697026016 
0.0 
11.912140856295721 
14.860456558781456 
13.392585756275468 
12.063732120196919 
12.473198383677527 
12.235116714396248 
13.044564882812626 
0.0 
11.995413852225152 
12.574120435009748 
0.0 
12.755930741084399 
11.846273911349906 
0.0 
14.36153261284112 
13.566886488038497 
0.0 
13.875845323150733 
14.137791675355247 
11.730894646541671 
11.610102062999665 
0.0 
13.854868383260238 
13.565816107100892 
0.0 
13.95746484680521 
11.56271942704932 
14.171567761324766 
12.253552062637462 
13.165378113346108 
11.7553048882624 
10.790348496751914 
0.0 
12.931291545281166 
12.65754175970338 
13.80049550046681 
13.233469887522078 
0.0 
12.570330101030798 
0.0 
12.418116141207488 
13.545809137366605 
13.019764452849738 
12.649929757036618 
12.665335917185176 
14.676728439237959 
13.171958619077122 
13.728026781352568 
0.0 
13.10590850857116 
12.781154770695862 
13.927777962082343 
14.238554017098597 
13.07347215397646 
14.168515431187641 
14.22505677169968 
13.218714581067502 
13.695663296788023 
0.0 
0.0 
0.0 
14.711290550531247 
13.931845540183673 
11.3151495622563 
12.894059846274022 
13.029114645469038 
0.0 
0.0 
13.34955768662052 
0.0 
0.0 
12.422327623974557 
13.229870272287242 
14.060695931687555 
0.0 
14.277578002415737 
12.644081593265676 
13.853017087576701 
0.0 
13.875941288497554 
14.116181486431184 
12.24436383512051 
12.163964091412272 
0.0 
12.598750409571755 
0.0 
11.94178124227853 
0.0 
0.0 
13.599796641064204 
0.0 
14.282581699799872 
12.974952273534054 
14.38747886584238 
12.150699288744539 
0.0 
12.998061485636422 
14.52411315235213 
13.171958619077122 
12.933506249629442 
13.180219982170193 
12.59921549501772 
13.026177596889225 
14.274305346855346 
0.0 
13.745884369142042 
11.922212717785449 
0.0 
13.906796667092525 
13.644870228269205 
11.8649599151426 
14.69642424057888 
13.99045856507371 
0.0 
13.70293020443829 
14.357758167722379 
0.0 
0.0 
13.310896748797713 
12.460711852141213 
14.909471236259183 
12.608947814565514 
0.0 
0.0 
0.0 
14.270149297316506 
13.007202510749742 
12.8851243671041 
12.264442600226603 
15.385120915030008 
13.730576276234546 
11.362491806046064 
12.732379446391358 
0.0 
0.0 
13.25192615749639 
13.901338323179537 
14.254438148267257 
12.27262978497637 
12.527477006060396 
14.668995752053233 
11.806146803320525 
0.0 
0.0 
12.944162985854788 
12.876325086063236 
0.0 
13.718639896954318 
0.0 
14.027387694052763 
12.61769702930787 
11.881878707600446 
0.0 
0.0 
12.979782430703086 
14.039347482877348 
13.904258282800518 
0.0 
13.160186576600662 
13.055112935995515 
12.543273538449805 
0.0 
13.268542000300124 
0.0 
14.36843825381362 
0.0 
12.586839787961827 
0.0 
14.571397139364192 
0.0 
12.958371460949852 
11.152284842306582 
0.0 
12.33119687715303 
0.0 
13.583787954502336 
13.102795896703823 
12.61240779313867 
13.559257578035137 
13.880348808156027 
0.0 
0.0 
13.194449079479023 
11.714674827308002 
12.442943495848729 
0.0 
13.183945471757248 
12.016460104979208 
0.0 
14.408926759207896 
13.029459787824965 
12.575066464578658 
0.0 
0.0 
12.724300673209568 
14.406005650953064 
12.909143047339898 
13.023407843140218 
13.117805411682438 
0.0 
11.138911718142744 
0.0 
12.155134454857754 
13.27873982655011 
0.0 
11.270879295328784 
13.758639637024578 
14.035658272294073 
14.329586140064741 
0.0 
12.172427508645482 
12.733015321685963 
0.0 
13.589885179290201 
11.089450481115907 
14.668940369222812 
0.0 
0.0 
11.979425195331475 
11.821375392372538 
12.235116714396248 
0.0 
14.04336911395769 
0.0 
0.0 
14.585960113716025 
14.223172127354738 
12.65463602852797 
0.0 
13.07079180942306 
0.0 
0.0 
0.0 
14.928657160434527 
0.0 
13.723234300893377 
12.68934284613419 
0.0 
14.63185912728278 
12.385053488346152 
13.372729053038164 
0.0 
13.529918528120325 
0.0 
13.773448322538655 
12.69261550169458 
12.639792893279314 
13.808763116450413 
0.0 
12.292033985499543 
0.0 
13.007202510749742 
12.68934284613419 
11.610102062999665 
12.708437298965297 
0.0 
14.666612368421163 
13.839105347576902 
0.0 
14.028424112948551 
13.157504839926116 
14.044052531801302 
14.26700608999518 
12.20670914935865 
0.0 
0.0 
0.0 
14.686336376267196 
12.264735801130138 
0.0 
13.565935077540978 
13.085472459181283 
14.022454510846508 
12.816383708474728 
13.504198286749503 
12.74819284958946 
12.241685287601625 
13.060020354507854 
13.139231570719355 
0.0 
0.0 
9.290018846932618 
13.47040467706564 
0.0 
12.413892328372642 
13.594907723063335 
14.785452468158542 
13.332596057789216 
14.59589848501203 
12.13859179463752 
13.392719904310423 
0.0 
12.346790721750704 
0.0 
0.0 
0.0 
12.163964091412272 
14.475733430966399 
0.0 
13.623424289869911 
12.220075970984306 
13.640131938764611 
0.0 
12.925739864337649 
0.0 
14.256208688527387 
12.3292357417338 
12.636851156626534 
12.845882034384061 
13.088622630607803 
13.53709703817967 
14.356039240983955 
14.448116305409464 
12.725579280419602 
11.846665681899738 
0.0 
0.0 
0.0 
11.978710459106358 
14.185107717079823 
0.0 
13.717997652527231 
0.0 
11.826151214800207 
0.0 
0.0 
13.768907972478402 
11.619761463298424 
13.561168590869757 
11.906890595608518 
0.0 
15.15991074552338 
13.702822011777029 
0.0 
0.0 
0.0 
13.785043714779723 
13.877284133523197 
13.53503231452927 
11.688687423222536 
0.0 
13.917745013443218 
14.402545789398774 
0.0 
12.968306794430799 
14.916112715141397 
0.0 
14.773345291291271 
13.258418812598832 
0.0 
0.0 
12.337621901992508 
0.0 
14.759368086947092 
13.52943055414615 
12.093087390444218 
12.299494239009364 
14.004396051426534 
0.0 
0.0 
14.228668401934792 
10.20945336562895 
12.204876767603993 
0.0 
0.0 
13.023407843140218 
13.109504215757005 
12.870364719583407 
0.0 
0.0 
11.610102062999665 
13.880540134333733 
14.692070574382761 
15.065163657783813 
0.0 
12.15987133677839 
14.257387842692653 
14.6934325069307 
13.52515372668584 
11.619761463298424 
14.348382374913244 
12.670213636738564 
13.780949798749665 
12.276415241892678 
12.613329054371054 
0.0 
0.0 
13.872578697395083 
0.0 
11.471167133724393 
0.0 
12.900112062977456 
0.0 
0.0 
13.125090539303256 
0.0 
11.89973454235751 
0.0 
0.0 
0.0 
0.0 
14.147840893672338 
0.0 
14.18503026318128 
12.752380646552893 
12.0744760007345 
14.712795653732137 
13.855452509744048 
13.551467952626897 
11.399277924508967 
14.276197119925644 
13.221587121264806 
14.330846869863196 
12.717033749490891 
13.942606137022773 
0.0 
12.821176056269854 
0.0 
0.0 
10.314016703901359 
13.061033601681112 
0.0 
12.40381093178603 
0.0 
12.116668855967113 
12.093087390444218 
14.726377834863994 
14.850577547205614 
0.0 
12.593157658103003 
12.713816080234498 
12.399010832951992 
0.0 
12.703254733748146 
11.90275194485016 
0.0 
13.961449694398198 
10.814582465906277 
14.750811646897553 
0.0 
14.523806958187327 
0.0 
0.0 
13.603973996309024 
12.27262978497637 
14.761447348013048 
13.995678834325425 
12.877475866534427 
12.649480738968602 
0.0 
14.558121715310891 
12.549062658570431 
13.520864182988744 
0.0 
12.62159403901754 
13.838317581512209 
14.059851410770804 
0.0 
13.216291155757055 
12.483059977871669 
13.45917543555203 
0.0 
12.996826528020659 
13.44462669420269 
11.039604517953759 
11.610102062999665 
0.0 
0.0 
13.539158811108031 
13.491727856949339 
14.00930377832483 
14.857057639167369 
13.720351152300204 
13.689670445963221 
13.182704710518964 
0.0 
12.593157658103003 
0.0 
13.13362388678298 
13.26502894245816 
0.0 
13.547738035510905 
11.928148216169038 
12.865153292938063 
12.458662932867817 
13.424691191512954 
0.0 
12.90143260772951 
0.0 
11.78135971352466 
12.511999669441451 
0.0 
13.154818109052105 
13.369324702407338 
0.0 
12.16867211813223 
11.948732239819615 
11.56271942704932 
0.0 
14.244809776613183 
12.75007886269385 
13.611140097610383 
0.0 
0.0 
11.870750003346114 
12.778487861222372 
0.0 
13.998942951443086 
15.07418328424283 
13.785452468158542 
13.60130652612184 
12.293759009667864 
0.0 
12.866313015702193 
13.139871063212489 
12.527477006060396 
14.991123207528172 
0.0 
13.56617298899285 
13.655754310144218 
13.683762237174479 
12.713816080234498 
14.196064165921054 
13.786371740048333 
13.87354023771386 
12.576720525080246 
12.919422024335052 
0.0 
13.505811553919596 
12.233919208586979 
0.0 
12.797458885915104 
0.0 
12.881687558870004 
13.642051692927978 
13.037203741151975 
13.821973235481124 
0.0 
12.247037418788581 
14.506555530751324 
12.259449046285685 
14.058330026205654 
13.960997424718048 
12.699355555588465 
12.62159403901754 
12.106890045092218 
0.0 
0.0 
13.936269857602209 
13.095397022792556 
12.663780450683136 
13.149270799121478 
14.785299199212716 
13.930275335112052 
12.60293079091524 
0.0 
0.0 
12.069785394983302 
0.0 
11.217351905270334 
12.150699288744539 
13.727920454563199 
0.0 
14.567064807677916 
13.545447181678094 
13.15212636534252 
11.272046524389937 
11.989039636962392 
12.81398155161468 
13.12492904660248 
12.04678297035635 
13.686719366021848 
12.257682480708766 
12.59921549501772 
13.791671650079808 
14.96839680254393 
12.644081593265676 
0.0 
12.713816080234498 
14.99457442101199 
15.191367713418941 
13.898034475991487 
13.496728971380707 
0.0 
13.889408896030407 
12.74588436914204 
10.426264754702098 
0.0 
14.33126686842246 
0.0 
12.361121334734788 
0.0 
12.558181519860028 
0.0 
13.007027266893969 
12.342630298678406 
12.733015321685963 
12.978174174468167 
13.94178124227853 
14.470785955764303 
0.0 
0.0 
13.224755394000468 
13.371912741224104 
11.963618617443972 
13.933506249629442 
11.832098846039134 
12.794415866350105 
12.053586543639176 
13.701523066574433 
0.0 
12.720885503593724 
0.0 
0.0 
0.0 
0.0 
12.84901407369482 
12.69261550169458 
12.379649117760035 
12.845882034384061 
13.427705681452816 
13.571397139364192 
13.40127953659653 
14.125494191985135 
14.356727057464632 
12.359200485133632 
13.874693240804913 
12.335948565202298 
15.06082256719704 
0.0 
14.89581192554383 
14.093665145266794 
0.0 
0.0 
0.0 
0.0 
12.361121334734788 
11.103943429891558 
0.0 
0.0 
0.0 
13.828136484194108 
11.777666280880755 
14.509589460626485 
0.0 
12.276415241892678 
0.0 
12.150699288744539 
13.593391122791738 
14.048742286056541 
14.419894359966957 
12.949644356585717 
0.0 
13.721099188707186 
13.243620292847242 
12.495355392235984 
11.56271942704932 
0.0 
0.0 
13.144020869266893 
0.0 
13.876133200043016 
0.0 
13.03376711484639 
11.977637690405876 
15.150738948828412 
12.093087390444218 
11.918490592292311 
14.618500215814974 
0.0 
13.719923528720669 
14.591580782483858 
0.0 
12.355626393637916 
0.0 
12.254142846855748 
13.545326509598992 
13.295625461192715 
13.320095384861101 
14.65105169117893 
12.87229011028809 
0.0 
13.165064005998714 
12.61769702930787 
0.0 
0.0 
11.821375392372538 
13.783919045472935 
13.82017896241519 
13.553269295151955 
13.514590783745719 
13.181928692512578 
0.0 
14.61522729974965 
0.0 
13.311464515448446 
13.391377862315148 
12.264735801130138 
13.146568675740786 
0.0 
13.779206360421616 
15.363621465640596 
0.0 
12.508042334429007 
12.27932038794261 
13.849502841203268 
13.896710815726115 
0.0 
0.0 
11.738514532429267 
0.0 
12.535761377986656 
13.717676423066397 
0.0 
13.058330026205654 
14.608139290843443 
12.746724244025833 
11.326991174900817 
12.326148561205557 
13.527721344284519 
0.0 
0.0 
0.0 
13.93875258654304 
12.934796592178403 
14.8362476466879 
10.187352073200497 
13.077316445881026 
0.0 
13.386401423640779 
14.856668680841718 
14.007114891482711 
12.936269857602209 
14.312528476046992 
12.961449694398196 
11.735132884139947 
14.525765478821915 
13.94708897502536 
13.2659080092311 
14.823068638153234 
14.389295226908771 
0.0 
13.214622686302336 
13.540854532113638 
12.90143260772951 
13.020111839088086 
14.041316915829446 
11.818981539432443 
14.83303830989812 
0.0 
11.97692206785108 
0.0 
13.850968150982437 
0.0 
12.59921549501772 
0.0 
0.0 
12.572463389083676 
12.79766152585376 
12.905951035144904 
13.30249613217652 
0.0 
0.0 
13.240344146631417 
14.350732041623003 
0.0 
13.24436383512051 
0.0 
12.480285320936373 
0.0 
14.054349941685503 
13.435670260936552 
12.080151309614086 
12.465821455643775 
0.0 
12.068778277985412 
11.200285605224298 
13.758327331570193 
14.874116854444512 
11.83723370033909 
10.873444112515378 
14.664169474560614 
