10.580258567499788 
10.777255315191923 
10.690871009292314 
10.749031382040204 
10.692615501694581 
9.961449694398196 
0.0 
10.163649676015826 
9.878050912728536 
10.759888183221834 
9.974414589805528 
9.77313920671969 
10.715104009236168 
10.821773981970567 
10.145932145820517 
10.082149041353873 
10.782998208920413 
10.619302955415687 
10.71681946132995 
10.809768128710413 
10.733015321685963 
10.786269627648466 
9.926295994781112 
10.027905996569885 
10.18239435340453 
10.16741814583174 
10.81858217748086 
10.563196272216738 
10.554588851677638 
8.39231742277876 
9.54882190845875 
8.72451385311995 
10.689997971419444 
8.991521846075695 
10.679480099505446 
10.67771964164101 
10.675074920385445 
10.585901449690772 
10.782998208920413 
10.820178962415188 
10.696967526234287 
9.111135670234708 
9.144658242831882 
10.81538329581354 
10.753216749178955 
10.73640193131829 
10.458406613236534 
10.77066389291676 
10.79116288855502 
10.210671343785622 
9.583082767502933 
8.370687406807217 
10.679480099505446 
10.779719355143405 
10.67860013909946 
10.729620743553038 
10.812177305514448 
10.775610280759539 
10.78135971352466 
10.681238411777805 
10.484822894262146 
10.81538329581354 
10.179909090014934 
10.462502272597265 
10.731319031025064 
10.554588851677638 
10.130570562805428 
10.7657004876511 
10.79116288855502 
0.0 
10.632995197142957 
10.809768128710413 
10.78135971352466 
10.831307243802051 
10.744833837499547 
10.76983784362944 
10.710806433699352 
9.489847960439299 
9.792790294301064 
10.44604940671655 
9.816983623255382 
10.728770849542665 
10.047123912114026 
9.98299357469431 
10.782998208920413 
10.778898476008376 
10.747353829478062 
10.002815015607053 
10.750706986224948 
10.578372691360805 
10.701306461958625 
10.580258567499788 
10.5127404628035 
10.523561956057012 
10.774787059601174 
10.625708843064466 
9.060695931687555 
10.744833837499547 
9.949826710759112 
9.91139198784346 
10.77807712953536 
10.550746785383243 
10.671541066711884 
10.76983784362944 
10.73893668167614 
10.216745858195306 
10.7431513941125 
10.156083076288683 
9.588714635582264 
10.821773981970567 
10.634811050171718 
10.766528908598865 
10.694357887221452 
8.515699838284043 
10.481799431665753 
10.704768239362599 
10.564149489985732 
9.861086905995393 
8.527477006060396 
10.826548487290914 
10.721953612801386 
10.449148645375438 
10.61378946447258 
10.615629636968098 
0.0 
9.955649907528375 
10.731319031025064 
10.17367713630342 
10.44604940671655 
10.697836357962377 
8.573647187493323 
10.36850646150769 
10.46454575033394 
9.938109326219239 
9.847057346091336 
10.73978060977326 
10.826548487290914 
10.5401280385821 
9.955649907528375 
10.668884984266247 
10.429406741513981 
10.71681946132995 
10.715961990255146 
10.733015321685963 
10.052568050804155 
10.732167425663386 
10.816183681432342 
10.65284497300198 
10.828136484194108 
10.733862719678543 
10.62296694479051 
10.7279204545632 
9.679480099505446 
10.82972273508606 
10.64565843240871 
8.848622940429339 
10.787086324551618 
9.103287808412022 
10.621136113274641 
8.794415866350105 
9.978710459106358 
10.81858217748086 
9.958552715431011 
9.702172685365548 
10.707359132080883 
10.043027283594549 
10.824958740528523 
9.060695931687555 
9.926295994781112 
8.854868383260238 
10.720244258287567 
10.691743519171276 
10.727069558023706 
10.776433032444734 
10.743992861060175 
10.81538329581354 
10.621136113274641 
10.53818893205242 
10.69522829149575 
10.016808287686555 
10.826548487290914 
10.014020470314936 
10.030667136246942 
10.060695931687555 
9.851749041416058 
10.824163209744158 
10.014020470314936 
9.546894459887637 
8.696967526234287 
9.878050912728536 
9.820178962415188 
10.821773981970567 
10.822570830950168 
10.78953364497036 
9.816983623255382 
10.762382038710394 
10.041659151637216 
10.673309075561695 
8.326429487122303 
8.965784284662087 
10.640244936222347 
10.648357582009666 
10.568906154502084 
10.679480099505446 
10.122827994807668 
10.098032082960527 
10.640244936222347 
10.121533517340033 
10.654636028527968 
10.828136484194108 
9.885696373339394 
10.82972273508606 
10.404077136241234 
10.643856189774725 
10.672425341971495 
10.824958740528523 
10.032045726930809 
10.040289721025717 
10.523561956057012 
10.641148597411233 
10.504818987632841 
10.606405212697785 
10.386940245324311 
10.82972273508606 
10.382624026574916 
10.635718120331047 
10.646558710154547 
10.762382038710394 
10.587777516328211 
10.698704666770345 
10.812177305514448 
9.052568050804155 
10.644757592516257 
10.099347810403193 
10.178664851006472 
10.729620743553038 
10.741466986401146 
10.81538329581354 
10.56128794516483 
9.91139198784346 
10.057991722759176 
10.624795455860237 
9.818582177480858 
10.576484346796851 
10.759888183221834 
10.776433032444734 
10.692615501694581 
10.140829770773001 
9.971543553950772 
10.791976820898688 
10.723660944409984 
10.831307243802051 
10.732167425663386 
10.823367240046235 
9.084808387804362 
10.760719947465624 
10.107217075591384 
10.685624839726355 
10.117643101389094 
10.684748620421626 
10.696098170955864 
8.751544059089097 
10.721953612801386 
10.064742764750257 
10.555547771647065 
10.776433032444734 
10.130570562805428 
10.568906154502084 
10.52061868055628 
8.994353436858859 
10.690871009292314 
9.124121311829187 
10.565102078360313 
10.81538329581354 
10.696967526234287 
10.67065624911844 
10.224001674198105 
10.766528908598865 
10.542064542283443 
10.779719355143405 
10.744833837499547 
10.564149489985732 
10.78953364497036 
9.546894459887637 
10.215532999745657 
10.600842114387302 
9.917372079476841 
10.61470984411521 
9.366322214245816 
10.574593527337612 
10.742309436084 
10.742309436084 
10.116343961237469 
10.113742166049189 
9.262094845370179 
10.015415052386688 
10.100662339005199 
9.321928094887362 
10.679480099505446 
10.460455896309636 
9.588714635582264 
10.78053976747196 
10.834471049984222 
10.555547771647065 
10.784634845557521 
10.213104219641908 
10.77066389291676 
10.605479518061669 
10.048486873992337 
10.453270634010623 
10.474719946526482 
10.626621652358372 
10.826548487290914 
10.7279204545632 
10.81858217748086 
10.811374693509942 
10.668884984266247 
9.623881490013458 
10.707359132080883 
10.094077685671905 
10.65284497300198 
10.548821908458752 
10.824163209744158 
10.163649676015826 
9.74819284958946 
10.680359523513713 
10.092757140919852 
10.148476582178278 
10.67595703294175 
10.78953364497036 
10.78953364497036 
10.774787059601174 
9.826548487290916 
10.431497604258052 
10.068778277985414 
10.808159772868375 
8.96289600533726 
9.920352855415082 
10.691743519171276 
10.030667136246942 
10.689997971419444 
8.918863237274595 
10.81538329581354 
10.149747119504683 
10.634811050171718 
10.741466986401146 
10.784634845557521 
10.742309436084 
9.978710459106358 
10.783816759320182 
10.191059214531656 
10.473705749619416 
0.0 
10.686500527183219 
10.610102062999665 
10.77313920671969 
9.583082767502933 
10.787902559391432 
10.183635381473218 
10.671541066711884 
10.626621652358372 
10.798471801101618 
10.787086324551618 
10.7431513941125 
10.07815080773465 
8.566054038171092 
10.782998208920413 
8.751544059089097 
10.641148597411233 
10.768184324776927 
10.096715154488537 
10.750706986224948 
10.828136484194108 
10.767356854125685 
10.743992861060175 
10.271463027904375 
10.821773981970567 
9.957102041562287 
10.63117705570398 
10.779719355143405 
10.0 
10.597121428789569 
10.831307243802051 
8.854868383260238 
10.177419537989236 
10.369597346278677 
10.733015321685963 
10.703038388986418 
10.823367240046235 
10.715961990255146 
10.81538329581354 
10.67771964164101 
10.826548487290914 
10.038918989292304 
10.816183681432342 
10.635718120331047 
10.647458426454921 
10.726218159332198 
10.802516365121223 
9.837627933171404 
10.77807712953536 
10.215532999745657 
10.698704666770345 
10.798471801101618 
10.651948610723448 
8.985841937003341 
10.583082767502933 
10.824958740528523 
10.596189756144412 
9.987264012072538 
10.643856189774725 
8.810571634741148 
10.098032082960527 
0.0 
10.82972273508606 
10.007027266893969 
10.77807712953536 
10.826548487290914 
10.513727595952437 
10.164906926675688 
10.749031382040204 
10.36850646150769 
10.69522829149575 
10.725366257895642 
10.189824558880018 
10.034798962577268 
8.573647187493323 
10.67860013909946 
10.619302955415687 
10.826548487290914 
9.938109326219239 
10.778898476008376 
10.203348002979764 
10.36850646150769 
10.743992861060175 
10.832890014164741 
10.808159772868375 
10.709083812550345 
10.5980525001616 
10.040289721025717 
10.665335917185176 
10.147204924942228 
10.680359523513713 
10.694357887221452 
10.63662462054365 
9.939579214314692 
10.743992861060175 
10.406205005418855 
10.189824558880018 
10.729620743553038 
8.519636252843213 
10.820178962415188 
10.783816759320182 
10.65284497300198 
10.671541066711884 
9.353146825498083 
10.782998208920413 
10.738092259620492 
8.912889336229961 
10.828136484194108 
10.107217075591384 
10.134426320220927 
10.774787059601174 
10.738092259620492 
10.721099188707186 
10.731319031025064 
10.187352073200497 
10.812177305514448 
10.720244258287567 
10.821773981970567 
10.158609688214478 
9.717676423066397 
10.759888183221834 
9.283088353024002 
10.745674324002135 
10.769011321097015 
10.626621652358372 
10.79116288855502 
10.777255315191923 
10.82972273508606 
10.496853777388042 
10.700439718141093 
10.721953612801386 
10.773963368433558 
10.742309436084 
10.738092259620492 
10.730470137184222 
10.556506054671928 
10.831307243802051 
10.13699111208023 
10.13699111208023 
10.660887270302567 
9.442943495848729 
10.066089190457772 
10.655530723155643 
10.828136484194108 
10.784634845557521 
10.638435913990472 
10.693486957499326 
10.696967526234287 
9.957102041562287 
10.602698865017965 
10.733015321685963 
10.605479518061669 
10.52845411076479 
8.994353436858859 
10.78135971352466 
10.717676423066397 
10.131856960608793 
10.78135971352466 
10.075479149488016 
10.621136113274641 
10.669770888525518 
10.809768128710413 
10.807354922057604 
10.211888294546005 
10.570804437724497 
9.840777923595054 
10.715104009236168 
10.320800548881637 
10.109830654278793 
10.76487159073609 
10.460455896309636 
10.768184324776927 
10.372865060112588 
10.727069558023706 
10.671541066711884 
10.823367240046235 
10.710806433699352 
10.01262453886506 
10.663558104217273 
10.828136484194108 
10.600842114387302 
10.639340708652233 
10.735556023911535 
10.521600439723727 
10.78953364497036 
10.81858217748086 
10.721099188707186 
10.828136484194108 
10.091435386323607 
8.787902559391432 
10.778898476008376 
10.779719355143405 
10.726218159332198 
10.782998208920413 
10.732167425663386 
8.442943495848729 
10.782179193831208 
10.782998208920413 
10.66622400280318 
10.539158811108031 
10.045759661382684 
10.099347810403193 
10.81858217748086 
10.63662462054365 
9.049848549450562 
10.398743691938193 
10.749869427396844 
10.82097669262124 
10.072802534544207 
10.166163082646113 
10.60825482197791 
10.82972273508606 
10.76155123244448 
10.46862404291802 
10.71681946132995 
10.020979938904212 
9.821773981970567 
10.545929769085467 
10.702172685365547 
10.782179193831208 
10.81858217748086 
10.612868497291041 
10.741466986401146 
10.655530723155643 
9.487840033823051 
8.848622940429339 
10.766528908598865 
10.776433032444734 
10.584962500721156 
10.121533517340033 
10.584022940257542 
10.743992861060175 
10.46352437327118 
10.77313920671969 
9.984418458801139 
10.466586337719246 
9.121533517340032 
10.824958740528523 
10.7714894695006 
9.774787059601174 
10.572700226487292 
10.732167425663386 
10.764042217306589 
10.717676423066397 
10.7431513941125 
10.696967526234287 
10.81858217748086 
10.77066389291676 
10.726218159332198 
10.390168956200185 
10.8193807908646 
10.548821908458752 
10.772314573921653 
10.076815597050832 
10.648357582009666 
10.804937672051908 
10.643856189774725 
10.80332391904149 
10.125413470483316 
10.821773981970567 
10.810571634741148 
10.820178962415188 
10.030667136246942 
10.091435386323607 
10.80574387215162 
10.721953612801386 
10.693486957499326 
8.804131021183318 
10.787902559391432 
9.927777962082342 
9.9469062744564 
10.77807712953536 
10.67860013909946 
10.683871868622605 
10.634811050171718 
10.784634845557521 
10.005624549193877 
10.786269627648466 
10.734709620225837 
10.783816759320182 
10.821773981970567 
10.73724734302774 
10.030667136246942 
10.710806433699352 
9.197216693110052 
10.589651146514786 
0.0 
10.777255315191923 
10.82972273508606 
10.727069558023706 
10.733862719678543 
10.122827994807668 
10.661778097771988 
9.481799431665753 
10.527477006060396 
10.219168520462162 
10.595257481449035 
10.65284497300198 
8.848622940429339 
10.615629636968098 
10.809768128710413 
8.909893083770042 
10.600842114387302 
10.768184324776927 
10.78953364497036 
9.929258408636974 
10.562242424221072 
10.828136484194108 
10.817783121774534 
10.599912842187129 
10.619302955415687 
10.821773981970567 
10.580258567499788 
10.626621652358372 
10.662668375517542 
10.828136484194108 
10.03754695396218 
10.775610280759539 
10.693486957499326 
10.776433032444734 
10.823367240046235 
10.75905593916017 
10.746514321138463 
9.569855608330949 
10.580258567499788 
10.325305455089683 
10.50382573799575 
10.574593527337612 
0.0 
10.219168520462162 
10.78053976747196 
10.690871009292314 
9.696967526234287 
10.045759661382684 
10.038918989292304 
10.16867211813223 
10.82972273508606 
10.684748620421626 
10.826548487290914 
10.7431513941125 
10.4797802640291 
10.81858217748086 
10.521600439723727 
10.682116764950074 
10.813781191217037 
10.740624044489413 
10.25266543245025 
10.618385502258606 
10.156083076288683 
10.742309436084 
10.227615943414223 
9.702172685365548 
10.79116288855502 
10.784634845557521 
10.788718332690458 
10.477758266443889 
10.756556322524087 
10.733862719678543 
10.522581531254831 
10.733862719678543 
10.602698865017965 
9.149747119504683 
10.671541066711884 
9.893301530860564 
10.823367240046235 
10.76983784362944 
10.778898476008376 
10.821773981970567 
10.779719355143405 
10.080817527608327 
10.82972273508606 
10.804937672051908 
10.808159772868375 
10.82097669262124 
10.565102078360313 
8.96289600533726 
9.049848549450562 
10.425215903299383 
10.138271800172221 
10.773963368433558 
10.048486873992337 
10.187352073200497 
10.680359523513713 
10.775610280759539 
10.78053976747196 
10.612868497291041 
10.434628227636724 
10.774787059601174 
10.812177305514448 
10.81698362325538 
10.649256177517314 
9.905387005018131 
10.624795455860237 
10.738092259620492 
10.785452468158542 
10.001408194392809 
10.045759661382684 
9.9469062744564 
10.777255315191923 
9.321928094887362 
10.78135971352466 
10.78135971352466 
10.3409627642517 
10.489847960439299 
0.0 
8.854868383260238 
10.795227966028678 
9.592457037268082 
10.812979471251483 
8.909893083770042 
9.214319120800766 
10.759888183221834 
10.149747119504683 
10.79116288855502 
10.784634845557521 
8.252665432450248 
10.621136113274641 
9.975847968006786 
10.831307243802051 
10.625708843064466 
10.762382038710394 
10.784634845557521 
8.339850002884624 
10.03754695396218 
10.807354922057604 
9.385862400641463 
10.668884984266247 
10.777255315191923 
9.92184093707449 
10.831307243802051 
10.831307243802051 
9.888743248898258 
10.67065624911844 
10.81538329581354 
10.211888294546005 
10.78953364497036 
10.71853287606922 
10.131856960608793 
10.760719947465624 
10.821773981970567 
10.623881490013458 
10.667111542075027 
10.187352073200497 
10.703038388986418 
10.513727595952437 
10.584962500721156 
8.94251450533924 
10.7431513941125 
10.414685235807216 
10.038918989292304 
9.030667136246942 
8.861086905995393 
9.829722735086058 
10.782179193831208 
10.784634845557521 
10.825753832883112 
9.189824558880018 
10.726218159332198 
10.787086324551618 
10.78953364497036 
10.717676423066397 
10.67065624911844 
10.7657004876511 
10.77313920671969 
10.820178962415188 
9.930737337562887 
10.610102062999665 
10.726218159332198 
10.107217075591384 
10.651948610723448 
9.978710459106358 
10.125413470483316 
10.77066389291676 
10.74819284958946 
10.764042217306589 
8.647458426454921 
10.531381460516313 
8.566054038171092 
10.157346935362844 
10.703903573444665 
8.643856189774725 
8.842350343413809 
8.665335917185176 
10.812979471251483 
8.873444112515376 
10.777255315191923 
9.899356922923111 
10.17492568250068 
10.802516365121223 
10.777255315191923 
10.80896417491926 
10.018200178813226 
10.71681946132995 
10.783816759320182 
10.807354922057604 
10.082149041353873 
10.787086324551618 
10.610102062999665 
10.826548487290914 
8.550746785383243 
10.826548487290914 
10.53818893205242 
10.710806433699352 
10.642051692927977 
10.744833837499547 
9.826548487290916 
10.743992861060175 
9.665335917185176 
10.826548487290914 
10.826548487290914 
10.148476582178278 
10.03754695396218 
10.481799431665753 
10.016808287686555 
8.566054038171092 
10.77313920671969 
10.721953612801386 
10.056637715113201 
10.782998208920413 
10.735556023911535 
10.779719355143405 
9.177419537989238 
10.738092259620492 
9.978710459106358 
10.804937672051908 
10.774787059601174 
10.73978060977326 
10.192292814470768 
10.74819284958946 
10.792790294301064 
10.098032082960527 
8.76155123244448 
10.831307243802051 
10.656424863277781 
10.686500527183219 
10.401946123976536 
10.728770849542665 
10.78135971352466 
10.820178962415188 
8.62935662007961 
10.75905593916017 
8.326429487122303 
10.099347810403193 
10.240791332161956 
10.831307243802051 
10.7714894695006 
10.647458426454921 
9.668884984266247 
9.851749041416058 
10.131856960608793 
10.817783121774534 
10.809768128710413 
10.693486957499326 
10.828136484194108 
10.821773981970567 
10.672425341971495 
10.133142212400601 
10.121533517340033 
10.71681946132995 
10.675074920385445 
10.76155123244448 
10.659995892429977 
10.632086412835182 
10.729620743553038 
10.826548487290914 
10.702172685365547 
10.723660944409984 
10.744833837499547 
10.660887270302567 
10.786269627648466 
10.67595703294175 
10.449148645375438 
0.0 
8.794415866350105 
10.698704666770345 
10.71338651493703 
9.938109326219239 
10.108524456778168 
10.100662339005199 
10.635718120331047 
8.483815777264256 
10.63117705570398 
10.491853096329676 
10.744833837499547 
10.66622400280318 
10.530406337099068 
10.72451385311995 
10.640244936222347 
10.755722153642283 
10.604553229079038 
10.832890014164741 
10.820178962415188 
10.698704666770345 
10.543998450134541 
8.848622940429339 
9.997179480937621 
10.668884984266247 
10.732167425663386 
10.828136484194108 
10.117643101389094 
10.79116288855502 
10.783816759320182 
10.73978060977326 
10.075479149488016 
10.154818109052105 
10.662668375517542 
10.810571634741148 
10.584022940257542 
10.52454171503585 
10.442943495848729 
10.655530723155643 
10.782179193831208 
10.52061868055628 
10.35974956032233 
10.568906154502084 
10.564149489985732 
10.681238411777805 
10.732167425663386 
10.807354922057604 
10.646558710154547 
10.774787059601174 
10.82972273508606 
10.812177305514448 
10.813781191217037 
10.785452468158542 
10.73893668167614 
10.63390340934852 
10.216745858195306 
10.347621368568134 
10.690871009292314 
9.129283016944967 
10.130570562805428 
10.4241662888181 
10.703903573444665 
10.831307243802051 
10.81858217748086 
10.80574387215162 
10.657318449581288 
10.399811959325685 
9.20212382383046 
9.83605035505807 
10.002815015607053 
10.619302955415687 
10.683871868622605 
9.874981347653774 
10.81538329581354 
10.556506054671928 
10.671541066711884 
10.669770888525518 
10.767356854125685 
10.79116288855502 
10.813781191217037 
10.773963368433558 
10.813781191217037 
10.733862719678543 
10.725366257895642 
10.796039608829771 
10.787902559391432 
10.680359523513713 
10.831307243802051 
10.032045726930809 
10.81858217748086 
10.826548487290914 
10.81858217748086 
10.05528243550119 
10.777255315191923 
10.691743519171276 
10.580258567499788 
0.0 
10.470658874060552 
10.826548487290914 
8.89178370321831 
0.0 
10.706496018061188 
10.826548487290914 
10.048486873992337 
9.902375114486025 
10.593391122791736 
10.76487159073609 
10.823367240046235 
10.802516365121223 
10.81858217748086 
8.968666793195208 
9.926295994781112 
10.586839787961827 
10.784634845557521 
10.729620743553038 
10.687375683437468 
10.67595703294175 
10.581200581924957 
10.775610280759539 
10.81538329581354 
10.667111542075027 
10.121533517340033 
9.7262181593322 
10.088788238716907 
10.725366257895642 
10.55170826162069 
10.667111542075027 
10.026523442519766 
9.20212382383046 
10.596189756144412 
9.714245517666123 
10.738092259620492 
10.043027283594549 
10.790348496751914 
10.7657004876511 
10.76983784362944 
10.813781191217037 
10.824958740528523 
10.834471049984222 
9.147204924942228 
10.82972273508606 
10.79116288855502 
10.632086412835182 
10.153552031708111 
9.590587049915035 
9.674192268145685 
10.475733430966399 
10.08613622502731 
10.662668375517542 
10.81698362325538 
10.619302955415687 
10.710806433699352 
9.111135670234708 
10.821773981970567 
10.722807531169547 
10.544964432789238 
10.088788238716907 
10.680359523513713 
10.784634845557521 
10.794415866350107 
10.826548487290914 
10.73724734302774 
10.658211482751796 
10.723660944409984 
10.059344460824425 
10.053925881531105 
10.112439506781552 
8.974414589805528 
9.995767150877802 
10.660887270302567 
10.680359523513713 
10.794415866350107 
10.523561956057012 
10.683871868622605 
10.030667136246942 
10.822570830950168 
10.749031382040204 
10.671541066711884 
10.832890014164741 
10.81538329581354 
10.733862719678543 
10.787086324551618 
9.962896005337262 
10.593391122791736 
10.709945380232497 
10.542064542283443 
10.82972273508606 
10.7714894695006 
10.125413470483316 
10.7431513941125 
10.79116288855502 
10.084808387804362 
10.764042217306589 
8.49585502688717 
9.681238411777805 
9.905387005018131 
10.7657004876511 
10.673309075561695 
10.784634845557521 
10.73978060977326 
10.121533517340033 
10.071462362556625 
10.73893668167614 
10.828136484194108 
10.674192268145685 
10.828136484194108 
9.984418458801139 
10.700439718141093 
10.823367240046235 
10.60917873814198 
10.693486957499326 
10.832890014164741 
10.688250309133178 
10.194756854422248 
10.638435913990472 
10.162391328756906 
10.821773981970567 
10.64565843240871 
8.262094845370179 
10.686500527183219 
10.81858217748086 
10.019590728357882 
10.738092259620492 
10.733862719678543 
10.715104009236168 
10.831307243802051 
10.734709620225837 
10.762382038710394 
10.777255315191923 
10.824958740528523 
10.004220466318195 
10.735556023911535 
9.696967526234287 
10.148476582178278 
10.0 
10.741466986401146 
10.62935662007961 
10.774787059601174 
10.745674324002135 
9.113742166049189 
10.831307243802051 
10.706496018061188 
10.57553924683453 
10.812979471251483 
10.641148597411233 
10.776433032444734 
10.78953364497036 
10.743992861060175 
10.702172685365547 
10.828136484194108 
10.727069558023706 
10.552669097514272 
10.722807531169547 
10.823367240046235 
8.83605035505807 
10.094077685671905 
10.828136484194108 
10.812177305514448 
10.187352073200497 
10.365228849251546 
10.782998208920413 
9.535275376620804 
10.824958740528523 
10.062046137720492 
10.475733430966399 
10.655530723155643 
9.049848549450562 
10.001408194392809 
10.610102062999665 
10.19598729802851 
10.699572453287269 
10.723660944409984 
10.166163082646113 
10.717676423066397 
10.831307243802051 
9.997179480937621 
10.782998208920413 
10.560332834212442 
10.73893668167614 
10.7714894695006 
10.828136484194108 
10.67771964164101 
9.897845456005513 
10.754052367528924 
9.909893083770042 
10.521600439723727 
10.768184324776927 
10.709083812550345 
10.82972273508606 
10.693486957499326 
10.125413470483316 
10.825753832883112 
