13.140030892054492 
13.367141694552364 
12.33511116842486 
13.512863891390724 
13.59549060660764 
0.0 
0.0 
0.0 
0.0 
11.477252323937952 
12.425215903299385 
0.0 
13.416665599935456 
14.805794244702414 
13.74556928996322 
0.0 
14.151650829973422 
13.352319354846841 
13.83308773842201 
14.164042684555913 
0.0 
12.961449694398196 
0.0 
13.225207436943503 
13.604553229079038 
13.2600374211066 
14.708760591973013 
13.288577736992703 
12.936085781679678 
0.0 
0.0 
0.0 
12.452241240430817 
0.0 
12.62159403901754 
0.0 
12.423378576518493 
12.681897226786234 
14.368915639966845 
14.186423797538945 
11.96289600533726 
0.0 
0.0 
14.096797497745936 
14.053586543639176 
13.049848549450562 
10.667111542075027 
13.343324536236143 
12.634811050171717 
12.243471538396332 
0.0 
0.0 
11.047123912114026 
14.528820354483505 
0.0 
13.65284497300198 
14.268542000300124 
14.290522895515833 
14.583435404089418 
12.852529509404196 
12.727282329212189 
14.225282763665405 
12.306916113522544 
0.0 
12.500841879556928 
12.949461979360155 
10.871135184243046 
13.847155245527528 
13.664113906143049 
0.0 
0.0 
13.258271576282851 
13.647908074281808 
14.97508666316085 
13.530650179750014 
13.731212946607142 
13.811475044432731 
0.0 
0.0 
12.293759009667864 
12.901244032467376 
13.216291155757055 
0.0 
12.055621374781708 
13.528087774047542 
14.059428964853787 
13.681677655209691 
0.0 
13.861862340059153 
10.166163082646113 
12.88988417030283 
0.0 
0.0 
0.0 
13.4893462407191 
11.11829223302699 
0.0 
0.0 
13.027733249752833 
0.0 
13.803828410790832 
13.176952268336281 
11.951648985904619 
13.61987606750398 
13.14035049662844 
12.187042714339894 
13.932399322433792 
11.500343969270403 
0.0 
13.261947983758521 
11.7714894695006 
13.350110443347928 
0.0 
0.0 
0.0 
13.115206253153248 
12.60408986146918 
13.400746044849342 
0.0 
14.365433918315532 
12.828533210455618 
12.052568050804155 
12.025139562278508 
12.570804437724497 
0.0 
0.0 
13.682007000044107 
12.3409627642517 
0.0 
0.0 
0.0 
0.0 
12.644532294625444 
0.0 
12.406470768529285 
14.4187091243578 
14.627362884882594 
0.0 
0.0 
12.081150521271868 
12.821176056269854 
12.60130652612184 
13.045759661382682 
0.0 
0.0 
11.271463027904375 
14.294836103295443 
13.389496903716381 
14.950783692200732 
12.260331518557603 
0.0 
13.46326891598129 
0.0 
14.489785255015367 
12.79563384450678 
0.0 
13.979782430703086 
12.88988417030283 
0.0 
12.689124404913258 
12.439311461818846 
13.499596781489753 
0.0 
0.0 
11.208234358339789 
0.0 
14.963212192670396 
0.0 
0.0 
0.0 
12.485829308701906 
0.0 
0.0 
13.473198383677527 
0.0 
13.831109275357022 
12.78790255939143 
10.884933647949762 
13.505811553919596 
0.0 
13.605132229384154 
11.98299357469431 
0.0 
0.0 
12.17617314910749 
14.408661448179446 
0.0 
0.0 
0.0 
13.3445733225962 
0.0 
14.654636028527968 
14.154818109052105 
13.73724734302774 
12.625480550471082 
11.514714054138487 
12.81538329581354 
13.989483201928493 
0.0 
0.0 
0.0 
12.940680648424095 
11.229419688230417 
0.0 
0.0 
0.0 
12.681897226786234 
13.36221781591308 
0.0 
15.208043795374278 
0.0 
14.598285174146604 
0.0 
12.966325193888277 
13.203500952361395 
13.219924768862814 
0.0 
0.0 
0.0 
0.0 
0.0 
0.0 
0.0 
14.333295139569085 
0.0 
0.0 
12.995413852225152 
12.030322282644036 
12.84881852031724 
11.007027266893969 
14.275542556086723 
0.0 
12.68934284613419 
0.0 
13.942789382931933 
13.353698209048034 
12.881878707600446 
14.3409627642517 
0.0 
12.40832974076739 
11.56271942704932 
12.787494499696763 
12.052568050804155 
0.0 
12.90143260772951 
13.074308741440257 
13.263856019596082 
0.0 
0.0 
13.960997424718048 
0.0 
13.876229146243357 
12.340128273700588 
14.122504484313906 
12.653516879421431 
13.989394499844733 
13.70033133854138 
12.901244032467376 
0.0 
13.262388523751017 
13.30520675900872 
0.0 
0.0 
12.809567182259656 
12.718104713121757 
14.580729651598958 
12.856620053676847 
13.12347479824414 
12.530406337099068 
0.0 
0.0 
12.27670601989243 
0.0 
14.087214193611045 
14.365297208845053 
12.50432244829189 
13.257240501116579 
13.584962500721158 
0.0 
12.316564385396944 
13.920538949583786 
0.0 
14.080817527608327 
0.0 
13.8479382019491 
12.345405246717796 
0.0 
0.0 
12.32558654521057 
13.389631339260522 
0.0 
0.0 
13.16474983024815 
0.0 
12.053925881531105 
12.942331224510575 
12.112765281885316 
0.0 
0.0 
0.0 
0.0 
13.78350985734259 
14.724087461793987 
0.0 
13.50345309301347 
11.64880694972577 
13.695989464702494 
0.0 
0.0 
13.555547771647063 
12.110809526898654 
13.077983973962752 
14.364955378481909 
11.86843675585817 
14.899828931774332 
14.046356679823187 
0.0 
0.0 
0.0 
0.0 
0.0 
0.0 
14.574416135894364 
13.178353623512894 
0.0 
12.56176526362771 
0.0 
13.573410505507574 
12.777255315191924 
13.65809988383154 
14.198368300313438 
14.217427643257116 
0.0 
0.0 
13.28583565586142 
13.075980462416288 
0.0 
0.0 
0.0 
0.0 
0.0 
0.0 
14.175315631699174 
0.0 
0.0 
14.152918576136623 
13.039947160169095 
13.926295994781112 
11.916625922211237 
13.81338038692473 
11.827342704234114 
0.0 
0.0 
12.677058915711948 
13.053586543639176 
12.131213905086272 
0.0 
14.129283016944967 
13.655642520981331 
13.503701533696171 
12.79522796602868 
12.785248105945454 
13.77807712953536 
14.05968244724764 
12.303209948944776 
0.0 
12.449664538476192 
0.0 
12.425215903299385 
13.283233078413188 
12.485829308701906 
11.116993677546981 
14.070540271624346 
12.136991112080231 
13.926388662349689 
0.0 
14.067938476436064 
0.0 
0.0 
12.262975701227944 
0.0 
13.082814337672275 
14.83885921688606 
0.0 
12.319672120946995 
0.0 
13.161289373846413 
13.124282894966601 
13.075312006460443 
12.932399322433792 
14.385458001187969 
0.0 
14.179364867483423 
12.814382188951573 
14.59799432580159 
0.0 
0.0 
11.746514321138465 
12.784430367484628 
0.0 
13.33427328530719 
13.836937955001847 
13.315998622628559 
13.776947014081466 
12.030322282644036 
0.0 
0.0 
15.179092679212655 
13.142745276751528 
0.0 
13.842153884634872 
0.0 
0.0 
0.0 
14.4668412083216 
0.0 
11.6261653199045 
13.728452010164396 
12.112765281885316 
13.661666774415252 
13.108851117040155 
0.0 
0.0 
13.463779785335385 
13.789635526615887 
12.064742764750257 
0.0 
0.0 
0.0 
15.045887614705634 
12.82456102997028 
11.967586527296072 
13.754052367528924 
12.402479172214964 
11.00982861736811 
14.978397650627807 
14.193525360501214 
12.79522796602868 
0.0 
0.0 
13.64712109859222 
0.0 
13.358101707440847 
12.629128904028173 
12.102631888854967 
0.0 
13.498973829262411 
12.293759009667864 
12.465821455643775 
0.0 
0.0 
14.324532174747146 
13.966054764625552 
13.047635173725032 
13.70098149404625 
0.0 
13.684639055580801 
0.0 
0.0 
13.750602317959158 
13.202429966015352 
12.598750409571755 
13.045589039297347 
13.970375561638399 
13.774581180893598 
13.2600374211066 
11.947636937951827 
14.4526273491019 
13.502583213553354 
14.065668567392638 
13.608601359881227 
0.0 
13.608716854020575 
0.0 
12.916252698812212 
13.928148216169038 
12.052568050804155 
12.27350423396216 
11.644757592516259 
14.289514622183436 
0.0 
12.588011853215088 
13.44307304238865 
13.544843720322875 
14.445984768393958 
14.313520798507874 
13.231821178657405 
13.205182326228643 
14.070875645611068 
11.688687423222536 
12.591288579246092 
12.963979787815338 
12.45249865769279 
0.0 
13.490976192270528 
14.156004048322247 
12.944162985854788 
0.0 
0.0 
13.908486445443955 
0.0 
0.0 
12.126381830542643 
12.737458618570459 
13.507423019098228 
12.448374459662794 
12.26707926567123 
12.952195219914133 
0.0 
13.954468971434252 
0.0 
12.462757865660363 
12.814382188951573 
14.063732120196919 
14.023234556845988 
13.79380649145577 
11.140190703191836 
0.0 
12.315432637905378 
0.0 
13.488593333835409 
10.852529509404196 
12.776844232402166 
13.474719946526482 
12.540370243743567 
0.0 
13.540249146245623 
14.192755142640369 
12.089119397915168 
12.102303817212649 
0.0 
14.456803582958837 
12.84881852031724 
13.245849771023723 
0.0 
0.0 
14.750288267591653 
14.81117397072132 
0.0 
14.565459136904614 
0.0 
0.0 
14.15046130534298 
13.773448322538655 
12.303209948944776 
14.604726953570895 
11.600842114387303 
12.048486873992337 
13.94251450533924 
14.119265383175787 
14.125655621440476 
0.0 
13.511999669441451 
0.0 
13.504198286749503 
0.0 
0.0 
0.0 
13.173833263682058 
14.266347341835894 
0.0 
11.047123912114026 
12.750288267591653 
15.183867955434478 
14.255544990538938 
0.0 
12.81538329581354 
12.821176056269854 
0.0 
0.0 
13.56724310527944 
12.409656113059851 
14.2749604721406 
0.0 
14.582200798750778 
0.0 
0.0 
0.0 
12.75007886269385 
13.805542364358724 
0.0 
12.950191349972702 
0.0 
14.044223335689608 
9.774787059601174 
11.683871868622605 
0.0 
0.0 
12.2404932238768 
14.80145576414371 
14.3782271094377 
0.0 
0.0 
13.88120957621285 
10.94909715572921 
12.00597535650038 
0.0 
11.80775740358927 
14.268542000300124 
14.176640671134013 
12.150699288744539 
0.0 
14.419631058412017 
12.14847658217828 
13.549062658570431 
0.0 
10.916625922211237 
14.435344706373309 
0.0 
14.656983419574544 
11.022367813028454 
14.106971809667087 
12.63503787118325 
14.150540637505484 
12.634357301137976 
13.383839268854455 
13.947362982504432 
0.0 
12.301210371298428 
0.0 
11.975489756945755 
0.0 
0.0 
13.57778284915099 
12.961449694398196 
12.554828641429854 
11.662223305317841 
12.914571997648986 
0.0 
13.556146773125834 
12.895575282380685 
13.567956075415466 
14.026177596889225 
12.441128621804696 
0.0 
0.0 
0.0 
12.525765478821915 
0.0 
13.282943613115089 
13.78320289006439 
12.812377888766893 
12.895575282380685 
13.489973363111451 
12.301210371298428 
12.844117269587995 
0.0 
12.286557761607957 
0.0 
12.92351319630841 
0.0 
12.271754805646474 
12.86418614465428 
0.0 
0.0 
13.594907723063335 
13.785145913982182 
0.0 
0.0 
14.583905452164242 
14.746671766167546 
13.608485856495319 
0.0 
13.388420968146132 
13.163649676015826 
0.0 
0.0 
14.952923210362725 
0.0 
11.982637133669424 
13.712956821697551 
12.939946452458688 
14.402545789398774 
11.861474675125773 
11.826945650415487 
0.0 
13.140030892054492 
0.0 
13.046271406599123 
0.0 
0.0 
12.773345291291271 
13.933045133174312 
13.16788851318065 
0.0 
12.687156944138907 
12.69152544116604 
12.681458050210274 
13.85681455250301 
12.88988417030283 
14.644701271341926 
12.323336289280173 
0.0 
13.482807956726667 
12.445014845868425 
12.010528105886484 
14.308552346639594 
0.0 
12.61125538869934 
0.0 
13.384783750093353 
13.766735939529966 
12.348174867535558 
0.0 
13.150699288744539 
13.898128976698354 
14.190056137313467 
0.0 
11.689561254285525 
13.616433974951278 
0.0 
12.811374693509944 
11.701739638674352 
0.0 
0.0 
0.0 
13.292465434949271 
13.50605958882795 
13.71831881047926 
14.203577420971959 
13.955922294018542 
13.578608560737754 
13.73819783941057 
13.13907165329516 
13.671651630764579 
13.154501693864766 
0.0 
0.0 
0.0 
12.276124405274238 
11.533816389433365 
13.555068391333338 
13.047635173725032 
13.429929741353272 
12.068106475858773 
12.315432637905378 
11.939211882666399 
12.56176526362771 
0.0 
13.495105510007784 
14.148953164809123 
14.024014181312886 
0.0 
0.0 
13.806549621985964 
13.465948964154256 
13.808562029957526 
0.0 
0.0 
12.748612176736982 
12.17023805233665 
0.0 
13.551828401108695 
14.126139801456508 
12.911204709977175 
12.720244258287567 
0.0 
0.0 
12.294046313271501 
11.79968636133125 
13.94882347745069 
0.0 
12.873251842902127 
12.993646060016596 
0.0 
14.116262726121544 
13.790246665444945 
0.0 
0.0 
0.0 
14.421933319310083 
13.125413470483316 
11.414156679274141 
12.309476353841106 
0.0 
0.0 
14.685132031851063 
0.0 
11.892163309861967 
14.514898939980927 
0.0 
15.20716688138329 
13.70260560211025 
0.0 
12.939946452458688 
12.839991070539886 
12.023061249735337 
14.086053270995668 
13.331756712255471 
0.0 
11.967586527296072 
14.452048147337994 
0.0 
13.812678711365562 
13.899073643469201 
11.446566409066069 
0.0 
0.0 
0.0 
13.476999286133061 
13.503701533696171 
0.0 
12.103943429891558 
0.0 
12.400612641081999 
14.652284811845306 
14.486457961394272 
15.004527726235269 
0.0 
11.706064267334972 
13.897845456005513 
14.785758957209916 
13.01489224207443 
12.949461979360155 
13.29189014033856 
12.496604154575603 
14.18750672775828 
0.0 
13.362491806046062 
12.02271457304476 
12.208234358339787 
0.0 
12.598750409571755 
0.0 
11.774375272802063 
0.0 
11.575066464578658 
0.0 
13.030667136246942 
0.0 
12.02271457304476 
11.78176951186313 
0.0 
0.0 
0.0 
13.185494924210866 
0.0 
13.461223627613371 
0.0 
0.0 
14.672480591183216 
12.257682480708766 
13.035314609824393 
0.0 
0.0 
13.686828772994248 
14.194526029370548 
0.0 
13.865829911173387 
10.916625922211237 
13.699247094509522 
0.0 
14.278449458220482 
0.0 
13.440609666748422 
12.27670601989243 
13.157189013514852 
12.63503787118325 
0.0 
0.0 
14.380258121093014 
14.656201380194554 
13.709945380232497 
0.0 
12.358376480328237 
12.627533884472793 
0.0 
12.126381830542643 
11.414156679274141 
0.0 
13.90369359036423 
12.624567018674915 
13.818781872275405 
0.0 
13.85428402017621 
12.990990303530822 
12.735767547266638 
13.60408986146918 
11.4558409091264 
13.888457877511533 
13.986464267334126 
13.028078722704889 
0.0 
0.0 
15.048359151001604 
0.0 
12.897089128312757 
0.0 
0.0 
14.077066043200386 
14.303067213842914 
0.0 
13.204112587787996 
0.0 
13.596772122051036 
0.0 
14.364339879652068 
11.952377251967985 
11.358651200892886 
0.0 
0.0 
0.0 
14.044052531801302 
13.136670762341845 
13.535275376620802 
13.979514512467606 
13.878146731480664 
12.9901039638575 
12.65150022065274 
12.32558654521057 
13.593391122791738 
12.949461979360155 
14.147602438250587 
0.0 
10.667111542075027 
11.286557761607957 
14.472500464036422 
13.12686576693927 
12.572463389083676 
13.331756712255471 
11.746094383705463 
13.74819284958946 
13.661110028743662 
0.0 
0.0 
0.0 
13.195218393762113 
13.143223756123852 
0.0 
0.0 
0.0 
13.617237864746103 
0.0 
13.837332268647183 
12.31938987600021 
11.077483356859506 
0.0 
0.0 
14.164435586064617 
12.790348496751916 
11.919235786028347 
13.07330477825368 
14.56438769605263 
14.162627352486002 
12.754052367528924 
13.061539958530144 
0.0 
0.0 
12.613329054371054 
13.110809526898654 
14.54617100226735 
0.0 
13.947819546020026 
12.67970000576925 
0.0 
11.869208250550827 
0.0 
13.144020869266893 
13.459047326948218 
0.0 
11.053925881531105 
12.432019846812493 
13.642954223480332 
12.731531176461942 
0.0 
0.0 
12.644532294625444 
0.0 
14.080401177416155 
13.501339618061397 
13.242578689451346 
0.0 
13.496728971380707 
14.475606784340245 
13.057145616910697 
14.135228307589898 
12.922026839405898 
11.766528908598865 
12.36468185586456 
12.184565452446156 
0.0 
0.0 
0.0 
11.686938171670386 
12.961449694398196 
13.248075809176962 
14.76849450395343 
12.869979332899963 
13.110809526898654 
0.0 
12.358376480328237 
0.0 
0.0 
12.809768128710415 
12.01889562112165 
13.027905996569885 
11.928148216169038 
14.24235539085048 
12.809567182259656 
12.973697366305352 
13.481547190203287 
11.951648985904619 
13.881113960675096 
12.865346644816782 
13.39687231851056 
14.43521446397538 
13.011576703176177 
0.0 
14.080734267181763 
13.651388101356714 
12.520127550324851 
14.015502169022135 
0.0 
14.919375467012228 
13.990901694063552 
14.245032695679457 
13.598866694990017 
11.654188473059545 
13.716497969397503 
12.064742764750257 
0.0 
0.0 
14.402212672714644 
0.0 
0.0 
11.872674880270607 
14.127510763056371 
11.116993677546981 
12.842153884634872 
0.0 
11.987619311924327 
13.189670152603755 
12.773551346428503 
14.877188257461297 
0.0 
0.0 
12.2246046815385 
14.257019460533796 
11.119589620741124 
12.485829308701906 
13.24347153839633 
13.011576703176177 
12.592223421359403 
13.422853195944265 
0.0 
0.0 
0.0 
0.0 
12.960364008877834 
0.0 
13.433846208442825 
13.238852526315656 
0.0 
12.396069557639867 
12.852139328187244 
13.734074491428045 
0.0 
14.07556271374075 
14.079734767084592 
12.201511344500146 
14.811876378336395 
13.413892328372642 
14.177964494706517 
12.452241240430817 
14.467096033905747 
14.985219338104235 
12.54978466794786 
0.0 
0.0 
0.0 
12.406470768529285 
0.0 
11.347067657165871 
14.263782680245185 
12.961449694398196 
13.174613647235942 
0.0 
13.643856189774723 
0.0 
0.0 
11.250890535723341 
0.0 
13.865539970785697 
13.66077587818261 
14.769269660258042 
13.066593776312251 
12.665113810335244 
13.746619286400316 
0.0 
12.832098846039134 
0.0 
0.0 
0.0 
12.78790255939143 
0.0 
14.362902693704667 
11.86379910372885 
13.545447181678094 
13.036173612553485 
14.831455702310516 
0.0 
12.907829544578135 
14.579315937580015 
13.084808387804362 
13.29217781631975 
12.36221781591308 
12.63367640989232 
12.485829308701906 
12.814382188951573 
13.543998450134541 
14.532842910961284 
14.00474715754676 
0.0 
13.029287226968245 
13.150699288744539 
0.0 
11.809366207816078 
0.0 
0.0 
0.0 
10.94909715572921 
12.594557879863734 
13.550746785383243 
0.0 
12.84881852031724 
12.774581180893598 
11.995413852225152 
14.891498932672748 
12.871520262329113 
14.695445810537382 
12.79482197333122 
12.0 
12.988684686772167 
12.660887270302567 
13.7501835689421 
15.2829797994537 
11.592924155627639 
0.0 
11.672867276433792 
13.935901682267588 
14.23877790480164 
12.812377888766893 
0.0 
0.0 
13.797357555271276 
0.0 
12.867664848380747 
13.69261550169458 
12.059006395201113 
14.686664659424155 
12.15987133677839 
11.62159403901754 
11.483311954999353 
13.083977868501655 
0.0 
0.0 
0.0 
13.133784409179908 
0.0 
13.091765938516803 
0.0 
14.29304050024473 
11.598517810612623 
12.911204709977175 
13.71037597120447 
11.598517810612623 
0.0 
14.650378635397706 
12.524786550851607 
13.089119397915168 
13.874020767658976 
13.779924501967908 
0.0 
14.65888089504788 
13.14258574835629 
12.570804437724497 
11.221587121264806 
13.919887514946936 
0.0 
11.994706995258102 
14.759680167210966 
14.583611690064942 
12.703471046071948 
0.0 
12.049508251055096 
0.0 
13.944071453003133 
9.774787059601174 
12.62159403901754 
12.212800334429433 
0.0 
13.653292945382816 
13.566410861217774 
12.799888688663591 
13.333714426093971 
0.0 
12.717248005827646 
12.77416933531818 
14.486332252768664 
0.0 
14.511876166891113 
0.0 
13.877571723485453 
13.375446761369176 
14.039690186137085 
13.704660184459287 
0.0 
13.352181396917894 
0.0 
12.296629474285503 
14.193448357216477 
13.14258574835629 
14.946860595698789 
13.88140078827952 
10.55170826162069 
14.378701267964223 
