0.0 
12.47192918764169 
11.609640474436812 
13.265615046484458 
12.482303782323184 
0.0 
0.0 
0.0 
0.0 
0.0 
0.0 
12.047464773318422 
12.165535141377923 
13.729620743553038 
13.11829223302699 
0.0 
12.03342300153745 
0.0 
0.0 
11.850577547205615 
0.0 
13.539401179028113 
0.0 
11.084144010615145 
13.000528233986822 
13.253995173480227 
11.527965641133955 
0.0 
0.0 
0.0 
0.0 
12.80715363917749 
12.348728154231077 
0.0 
10.537218400538597 
11.596655667674664 
0.0 
0.0 
14.001760028327215 
13.928148216169038 
0.0 
11.515207030408751 
0.0 
11.73893668167614 
12.405407422219204 
12.262682142362165 
0.0 
11.826151214800207 
12.271754805646474 
0.0 
11.892163309861967 
0.0 
11.443461612227395 
13.60130652612184 
12.485326189240524 
13.42455998374233 
14.003430068771838 
12.57530287507339 
12.88779179134159 
0.0 
12.26121345136605 
13.700439718141093 
11.82257083095017 
0.0 
13.240791332161956 
0.0 
0.0 
12.289154353723358 
13.116343961237469 
0.0 
0.0 
0.0 
0.0 
14.800697714363126 
13.295481973695368 
0.0 
0.0 
0.0 
0.0 
0.0 
0.0 
12.428621886091113 
0.0 
0.0 
12.432280897214161 
13.112765281885316 
0.0 
13.049338071751933 
0.0 
0.0 
0.0 
0.0 
0.0 
0.0 
13.92481250360578 
0.0 
0.0 
12.013671614058639 
12.502085903985904 
0.0 
13.5699742461371 
11.443461612227395 
12.295194955880657 
0.0 
11.814181884190281 
0.0 
14.145534171957715 
0.0 
0.0 
12.993646060016596 
11.86843675585817 
0.0 
0.0 
0.0 
12.031701202740303 
12.004571615167658 
12.789941128390916 
11.813781191217037 
0.0 
12.685843811426082 
13.323336289280173 
0.0 
10.462502272597265 
0.0 
0.0 
0.0 
12.54351521615217 
0.0 
0.0 
12.100662339005199 
0.0 
0.0 
0.0 
10.715104009236168 
10.399811959325685 
13.415213598765286 
14.075144844066317 
0.0 
0.0 
11.899356922923111 
0.0 
13.231821178657405 
0.0 
11.662223305317841 
10.519636252843213 
11.988329649231087 
12.887030173247677 
0.0 
13.59944798152872 
12.440609666748422 
0.0 
11.449664538476192 
0.0 
13.74777340052679 
12.878434149559292 
0.0 
13.177575260914628 
0.0 
0.0 
0.0 
11.834471049984224 
12.382353833664512 
0.0 
10.332036548361652 
11.598517810612623 
0.0 
14.647177325380264 
0.0 
0.0 
0.0 
13.323336289280173 
13.59584022372819 
0.0 
11.826945650415487 
12.108851117040155 
12.556266543582993 
13.455840909126398 
11.111787735801013 
13.250446470145254 
11.95274124718649 
13.095726668639047 
0.0 
10.370687406807217 
0.0 
11.610102062999665 
13.598634114779793 
0.0 
11.742730476519174 
12.87094260664937 
12.281350514981035 
0.0 
13.82664778832278 
13.277578002415737 
12.488091177533475 
0.0 
11.13249972962851 
0.0 
12.734921267705259 
0.0 
0.0 
13.080984034047534 
0.0 
0.0 
12.312315746690107 
0.0 
12.733650916838716 
12.38720958071964 
12.734921267705259 
0.0 
14.541217641736147 
0.0 
12.63185912728278 
0.0 
13.362628781601911 
10.694357887221452 
0.0 
0.0 
0.0 
12.07079180942306 
0.0 
12.728345714710978 
0.0 
0.0 
14.088457003486226 
0.0 
0.0 
12.376939321619844 
13.729726945109338 
12.554828641429854 
0.0 
12.931291545281166 
0.0 
0.0 
13.011576703176177 
13.557104658489855 
0.0 
11.75446999527562 
13.953105150591341 
0.0 
0.0 
11.872290110288093 
0.0 
0.0 
12.394462694610317 
0.0 
11.29978040285854 
10.916625922211237 
0.0 
0.0 
12.74588436914204 
0.0 
14.509280168087859 
11.884552133987235 
0.0 
11.769424641552755 
0.0 
13.199825684374256 
0.0 
0.0 
11.093417564387961 
0.0 
0.0 
0.0 
0.0 
12.492353945159872 
14.051293922803925 
12.7425199716613 
0.0 
12.042343379793692 
12.589182967039351 
11.136350341454156 
0.0 
11.285980105928212 
12.943613701614044 
0.0 
0.0 
12.44785810495403 
12.894059846274022 
0.0 
11.796445259061851 
14.102467862359324 
0.0 
12.4668412083216 
0.0 
12.854868383260238 
0.0 
0.0 
10.795227966028678 
12.205182326228643 
12.454042197470082 
0.0 
11.600377553107844 
11.610102062999665 
0.0 
11.735132884139947 
12.728345714710978 
0.0 
10.332036548361652 
0.0 
0.0 
11.610102062999665 
12.33343491528405 
14.319813222716474 
0.0 
14.403211792106976 
11.32023644524165 
11.984062369686438 
0.0 
0.0 
0.0 
0.0 
13.6698815883177 
13.902563541971555 
0.0 
14.501152986245408 
12.448374459662794 
12.012275344856121 
0.0 
12.131856960608795 
0.0 
12.770250927394864 
0.0 
13.387344229563912 
13.83703654351734 
11.802112418586066 
12.500094949671807 
0.0 
13.334412966291072 
10.93737382019215 
14.26363599035783 
14.20472396401958 
14.129926933510395 
0.0 
10.547858506058418 
11.349281228817453 
11.378836713210614 
0.0 
0.0 
13.437492010125354 
11.425740424316212 
0.0 
0.0 
0.0 
0.0 
0.0 
0.0 
13.365092120346464 
0.0 
12.314300001897534 
12.961268803539593 
10.725366257895642 
12.397139806235602 
12.179287104646004 
0.0 
11.156715144224702 
0.0 
0.0 
14.449857950838124 
13.36659542607144 
0.0 
13.225358086454515 
10.945443836377912 
0.0 
12.379649117760035 
0.0 
0.0 
12.576720525080246 
12.110483309816226 
0.0 
13.650603022215309 
0.0 
0.0 
0.0 
13.049338071751933 
0.0 
0.0 
0.0 
0.0 
12.20762446822676 
13.562957869334118 
0.0 
12.999119179995297 
11.889123656294238 
0.0 
11.336506559810255 
0.0 
13.933875036707342 
12.5634346357102 
11.28828934218097 
0.0 
13.704011685029329 
0.0 
14.722914235436516 
0.0 
14.305563041587988 
0.0 
0.0 
12.083811707252881 
13.535882852751252 
0.0 
0.0 
13.025485656808389 
12.253847484987402 
0.0 
0.0 
12.492353945159872 
11.156715144224702 
14.894201986050575 
0.0 
0.0 
13.428360172704293 
0.0 
0.0 
0.0 
13.799079209029006 
0.0 
0.0 
11.119589620741124 
10.46862404291802 
12.900489484834651 
12.554828641429854 
0.0 
12.413098984915264 
0.0 
13.73956967402599 
12.667111542075029 
0.0 
0.0 
12.209757956581392 
14.520925552069762 
12.65060302221531 
11.570330101030798 
13.786269627648467 
0.0 
11.786678033890652 
14.496978572599476 
13.221285017810475 
0.0 
0.0 
11.515207030408751 
11.957102041562285 
0.0 
0.0 
11.118941072723509 
10.171176797651771 
12.554828641429854 
11.44759985827995 
0.0 
12.876325086063236 
0.0 
0.0 
13.008603695797012 
12.963437998346285 
11.740624044489413 
11.681238411777805 
0.0 
11.914758838941857 
11.629811944382233 
0.0 
12.59269061535341 
0.0 
11.64880694972577 
0.0 
12.232720707964873 
0.0 
10.653740778706569 
0.0 
12.345127991976693 
0.0 
12.556266543582993 
12.547135531830865 
0.0 
12.358925869154715 
0.0 
0.0 
12.700873155140263 
0.0 
12.257682480708766 
0.0 
13.977011540085343 
12.554828641429854 
13.113742166049189 
0.0 
12.57742882803575 
12.401146182153498 
13.475860066475883 
12.735767547266638 
12.810571634741146 
13.92184093707449 
11.387478865842379 
12.842743180731658 
12.718746909901062 
0.0 
0.0 
0.0 
13.937005926516589 
13.686172206671833 
0.0 
12.510269670898177 
12.418116141207488 
11.808159772868374 
10.389093521904474 
11.895196572563341 
0.0 
0.0 
12.115693952197011 
12.524296837662625 
12.479275030250207 
0.0 
13.32206897619609 
11.016111838220512 
0.0 
0.0 
11.919235786028347 
0.0 
11.785043714779723 
10.626621652358372 
0.0 
0.0 
9.948367231584678 
0.0 
0.0 
0.0 
11.989039636962392 
0.0 
13.363587246524578 
13.256061226469622 
13.421933319310083 
12.573173784686485 
0.0 
12.63117705570398 
14.25037244592497 
12.554828641429854 
12.471167133724393 
12.554828641429854 
13.225960527236163 
12.680139717763172 
13.592924155627639 
0.0 
0.0 
0.0 
0.0 
12.994353436858859 
13.162863337608126 
11.192909219112012 
14.242504260424536 
11.156715144224702 
0.0 
13.451082294024225 
13.262535340526284 
0.0 
0.0 
13.029977346589579 
12.018200178813226 
13.280335808555261 
0.0 
0.0 
9.65284497300198 
0.0 
14.022020969646356 
0.0 
12.74588436914204 
11.974773067889343 
15.094118933225007 
10.721953612801386 
10.519636252843213 
0.0 
0.0 
11.86611979330307 
11.036860446673046 
13.559974504523746 
0.0 
11.901621158346114 
0.0 
13.847253138320841 
11.082814337672275 
0.0 
10.295768934420508 
12.136029849385551 
0.0 
0.0 
13.128316602903544 
0.0 
12.658657792126085 
0.0 
11.140190703191836 
0.0 
0.0 
11.988329649231087 
13.806146803320525 
13.179753618810421 
0.0 
12.765286098723683 
12.845882034384061 
0.0 
0.0 
11.579787329526992 
0.0 
13.977369373544333 
0.0 
12.11178773580101 
0.0 
0.0 
0.0 
12.418116141207488 
10.384783750093353 
0.0 
12.022020969646356 
0.0 
11.75905593916017 
10.148476582178278 
0.0 
11.86843675585817 
13.231671202562785 
0.0 
0.0 
0.0 
11.295194955880655 
12.003166506665169 
0.0 
0.0 
0.0 
0.0 
13.380596345227934 
10.492854620174748 
12.833087738422009 
0.0 
0.0 
12.519144787997414 
12.413098984915264 
12.398209261466853 
0.0 
11.4681148863781 
0.0 
0.0 
0.0 
0.0 
12.842939559285133 
0.0 
10.687375683437468 
12.599912842187129 
13.68365259739475 
13.915505962231933 
0.0 
11.901998185668495 
12.51298730941902 
0.0 
11.51224664282918 
0.0 
12.705416398882699 
0.0 
0.0 
0.0 
0.0 
0.0 
0.0 
13.143223756123852 
12.37531099747307 
0.0 
12.531625138422623 
13.417588840382582 
0.0 
0.0 
12.771076740262798 
0.0 
0.0 
0.0 
14.575598333724178 
0.0 
13.307912302492946 
12.194141238863137 
0.0 
13.649031581106666 
12.09901899101923 
11.225809940623543 
12.246443717117286 
12.985308297255852 
0.0 
11.609640474436812 
0.0 
0.0 
11.745254141957256 
0.0 
11.986197587206272 
0.0 
12.693051295397 
12.194141238863137 
12.257093144491057 
12.192601049711955 
0.0 
13.573292149952247 
13.129283016944967 
0.0 
12.871520262329113 
11.800899899920307 
13.579433800007342 
13.443979542601253 
11.7714894695006 
0.0 
11.751962413460854 
0.0 
14.012711824162658 
0.0 
0.0 
13.255323690008138 
12.708437298965297 
13.574238722636668 
12.44527355564064 
12.694575537525989 
11.871135184243045 
10.55170826162069 
12.627761852402616 
0.0 
0.0 
0.0 
0.0 
12.842743180731658 
0.0 
0.0 
13.100990784092762 
14.523745711555284 
0.0 
14.101483311565275 
11.674192268145683 
0.0 
0.0 
0.0 
11.935901682267586 
0.0 
0.0 
11.80413102118332 
13.965603936509982 
0.0 
11.56271942704932 
0.0 
13.33399388276136 
0.0 
11.52943055414615 
0.0 
12.81197669437029 
11.649705265471411 
11.948732239819615 
0.0 
13.022714573044759 
0.0 
14.035056809238624 
13.433194201814974 
11.452756029032495 
0.0 
0.0 
0.0 
0.0 
11.522091068887065 
12.989394499844733 
0.0 
13.412172865823786 
11.04507705193494 
0.0 
0.0 
0.0 
13.248224089668474 
0.0 
13.008603695797012 
11.77807712953536 
11.787494499696763 
14.922026839405898 
12.210671343785622 
0.0 
0.0 
0.0 
0.0 
12.641148597411233 
13.236163717219274 
0.0 
0.0 
11.615169813843604 
13.467605550082997 
0.0 
12.668441828052998 
14.674743989075154 
10.4655664048094 
13.870846308211869 
13.047294352783005 
0.0 
0.0 
11.437231901039478 
0.0 
14.33063682472329 
13.029804847630698 
11.59944798152872 
0.0 
13.646671205381779 
0.0 
0.0 
11.939579214314692 
0.0 
0.0 
0.0 
10.17492568250068 
12.76963125738424 
12.900489484834651 
12.59549060660764 
10.390168956200185 
0.0 
0.0 
12.597121428789569 
13.801304186049023 
14.65424442508658 
0.0 
11.493355121494908 
13.273795599214264 
13.812778971627662 
11.499845887083206 
10.769011321097015 
0.0 
12.09704449932295 
13.39794197197264 
0.0 
12.224303209373387 
0.0 
0.0 
12.519144787997414 
10.4655664048094 
10.708221730038353 
11.116993677546981 
12.569855608330947 
0.0 
0.0 
12.871520262329113 
0.0 
0.0 
0.0 
0.0 
0.0 
0.0 
12.793196859060945 
10.56128794516483 
13.954468971434252 
13.249706056969703 
0.0 
14.06339508128851 
12.929813184664148 
12.643405277115676 
0.0 
12.378836713210614 
12.747563630255117 
13.868533215259863 
0.0 
13.643179767925549 
0.0 
12.29232163280204 
0.0 
0.0 
9.824958740528523 
11.662223305317841 
0.0 
12.206403913973848 
0.0 
11.349281228817453 
11.892163309861967 
14.369256533387983 
14.387748100711294 
0.0 
12.383704292474052 
12.431236412071064 
0.0 
0.0 
0.0 
0.0 
0.0 
12.939395560181557 
0.0 
14.084393187916358 
0.0 
13.722273891422057 
0.0 
0.0 
12.63117705570398 
11.414156679274141 
14.105090051046009 
13.78953364497036 
0.0 
12.379649117760035 
0.0 
12.330076554797458 
12.204265456136842 
12.49160260669611 
0.0 
12.402479172214964 
12.56557813678433 
13.734603784841504 
0.0 
10.967946705812707 
0.0 
12.5634346357102 
0.0 
12.667333341605158 
12.93810932621924 
0.0 
12.246443717117286 
0.0 
0.0 
12.678159957542759 
11.95746484680521 
12.835458318236594 
14.641938836899376 
12.558181519860028 
12.775198728897985 
12.832296678749886 
0.0 
12.383704292474052 
0.0 
10.806549621985962 
11.761551232444479 
0.0 
13.270149297316506 
0.0 
12.623652908052927 
0.0 
12.93755773185546 
0.0 
12.557224349454449 
0.0 
11.893680738390907 
0.0 
0.0 
12.855257827193196 
12.951648985904619 
12.20762446822676 
0.0 
11.75613929837293 
0.0 
0.0 
13.934612328171399 
12.815583433851021 
0.0 
0.0 
0.0 
11.336506559810255 
12.570092874188056 
0.0 
13.713708700900527 
14.383366796264385 
12.913076395554812 
12.45763738099176 
0.0 
0.0 
12.526743742999686 
10.846273911349908 
12.173364830849037 
14.251038527213536 
0.0 
12.544481522310791 
11.953468962228849 
11.414156679274141 
0.0 
13.849111840444484 
11.696532914078299 
0.0 
0.0 
12.548099416978388 
11.04507705193494 
12.896332403909943 
0.0 
11.802112418586066 
0.0 
0.0 
0.0 
12.570804437724497 
12.842743180731658 
13.606058146810808 
0.0 
0.0 
14.32467280200536 
11.52943055414615 
13.148953164809123 
12.469387440964345 
0.0 
0.0 
11.560810468727942 
0.0 
0.0 
13.597005002606972 
11.476239906323851 
12.431758749166157 
0.0 
14.461927022589954 
12.930922097125269 
11.501339618061397 
0.0 
0.0 
13.15386865522324 
10.626621652358372 
10.735556023911535 
11.928148216169038 
13.471548210999128 
11.80049550046681 
13.558420713268665 
12.326991174900817 
12.799281621521923 
10.671541066711884 
11.62159403901754 
12.011576703176177 
12.545688495560213 
11.214926187942435 
13.409656113059851 
0.0 
12.232720707964873 
12.767356854125685 
13.911017407796987 
12.461735221604865 
0.0 
0.0 
14.609928984594935 
14.334901743261902 
13.440998900540311 
12.84646980992321 
0.0 
12.758639637024578 
0.0 
9.968666793195208 
0.0 
14.108034327661551 
0.0 
0.0 
11.610102062999665 
11.905387005018131 
0.0 
12.896521622224974 
0.0 
0.0 
0.0 
12.848036041631811 
13.99453022688921 
0.0 
0.0 
10.782179193831208 
13.00737773332127 
0.0 
13.593040911589412 
0.0 
0.0 
11.152284842306582 
13.309334237400968 
11.156715144224702 
11.818981539432443 
0.0 
0.0 
0.0 
0.0 
12.69740200750271 
11.869593843240784 
11.333714426093971 
12.320518524632691 
0.0 
12.48431942364427 
0.0 
13.81708358480338 
13.225960527236163 
11.81338038692473 
13.486960686389653 
0.0 
14.271317116901379 
0.0 
14.154264336924218 
13.842448562771908 
0.0 
0.0 
0.0 
0.0 
12.131856960608795 
10.715104009236168 
10.626621652358372 
0.0 
0.0 
12.849405100947758 
11.430975172588068 
13.985575141803157 
0.0 
10.389093521904474 
0.0 
0.0 
13.40101281538281 
13.15196787096819 
13.67065624911844 
11.927037168720297 
0.0 
12.169925001442312 
12.881305185414046 
11.753634618853388 
10.871135184243046 
0.0 
0.0 
12.87094260664937 
0.0 
13.574948244802224 
11.681238411777805 
12.65150022065274 
11.474212937193945 
14.41256984680521 
11.892163309861967 
10.593391122791736 
14.191599044300682 
0.0 
12.931845540183673 
14.042172353174928 
10.330916878114618 
12.539885792751479 
0.0 
12.173052457774116 
11.838022058304546 
12.532112370795 
12.849405100947758 
13.18161816839582 
12.49210354247923 
0.0 
12.975131456921341 
12.436971745049073 
0.0 
0.0 
0.0 
13.585432051592964 
0.0 
13.052568050804155 
11.818981539432443 
10.975847968006784 
0.0 
14.380663980540803 
0.0 
12.805340828416385 
0.0 
11.531381460516313 
0.0 
9.899356922923111 
11.876516946565001 
14.057230249828969 
0.0 
12.319954310686944 
12.107870914279616 
12.358925869154715 
13.608947814565514 
0.0 
10.56128794516483 
0.0 
0.0 
0.0 
13.261066499999393 
9.786269627648466 
12.723234300893377 
14.204112587787996 
0.0 
0.0 
11.458919206967593 
13.048657153725895 
0.0 
0.0 
0.0 
13.580140772436167 
0.0 
13.96226342270404 
0.0 
12.715747542831355 
0.0 
11.933321820732946 
14.520864182988745 
13.521600439723727 
0.0 
14.016895320235122 
12.580258567499788 
0.0 
14.237284663410879 
13.583905452164242 
13.031011907437707 
14.428229298205098 
13.99770874846085 
0.0 
13.409125710465313 
11.37232095486726 
12.557224349454449 
12.678159957542759 
13.047294352783005 
0.0 
13.667665976977085 
11.787494499696763 
11.62159403901754 
0.0 
13.219773550892874 
0.0 
12.232720707964873 
0.0 
0.0 
11.987974524296154 
12.264442600226603 
12.614939847310737 
13.031011907437707 
0.0 
0.0 
13.243917755743324 
13.963076692298594 
0.0 
12.849405100947758 
10.295768934420508 
0.0 
0.0 
13.774478230521352 
12.808159772868374 
10.247927513443587 
11.200285605224298 
0.0 
0.0 
10.694357887221452 
13.122180901259751 
14.190056137313467 
0.0 
11.788310503700918 
13.520004741638598 
