9.870364719583405 
10.65284497300198 
10.152284842306582 
10.715104009236168 
10.700439718141093 
10.576484346796851 
10.523561956057012 
10.680359523513713 
10.5980525001616 
10.63117705570398 
10.709945380232497 
10.711666973564347 
10.694357887221452 
10.78135971352466 
10.696967526234287 
10.020979938904212 
10.78135971352466 
10.127994320976393 
10.685624839726355 
10.769011321097015 
9.211888294546004 
10.773963368433558 
10.523561956057012 
10.1357092861044 
10.719388820942083 
10.762382038710394 
10.211888294546005 
10.610102062999665 
10.658211482751796 
10.562242424221072 
10.523561956057012 
10.66622400280318 
10.62296694479051 
10.539158811108031 
10.71338651493703 
10.7657004876511 
10.634811050171718 
10.672425341971495 
10.779719355143405 
10.810571634741148 
10.647458426454921 
10.730470137184222 
9.03342300153745 
10.7657004876511 
10.647458426454921 
10.73724734302774 
10.64565843240871 
10.773963368433558 
10.109830654278793 
10.715961990255146 
10.61470984411521 
10.62935662007961 
10.73893668167614 
10.78053976747196 
10.762382038710394 
10.732167425663386 
10.733862719678543 
10.707359132080883 
10.673309075561695 
10.715961990255146 
10.576484346796851 
10.7657004876511 
10.769011321097015 
10.709945380232497 
10.777255315191923 
10.157346935362844 
10.014020470314936 
10.769011321097015 
10.744833837499547 
10.040289721025717 
10.592457037268082 
10.193525360501216 
10.722807531169547 
10.822570830950168 
10.774787059601174 
10.715104009236168 
10.712527000439824 
10.00982861736811 
10.082149041353873 
10.649256177517314 
10.657318449581288 
10.810571634741148 
10.658211482751796 
10.533329732305834 
10.73640193131829 
10.813781191217037 
10.207014320177533 
10.703038388986418 
10.67771964164101 
10.091435386323607 
10.71338651493703 
10.580258567499788 
10.657318449581288 
10.00982861736811 
10.766528908598865 
10.092757140919852 
10.674192268145685 
10.774787059601174 
10.03754695396218 
10.537218400538597 
10.823367240046235 
10.002815015607053 
10.72451385311995 
10.5127404628035 
10.694357887221452 
10.658211482751796 
10.779719355143405 
10.740624044489413 
10.623881490013458 
10.779719355143405 
10.627533884472792 
10.151016538892248 
10.639340708652233 
10.497851836951119 
9.943979914343739 
10.742309436084 
10.162391328756906 
10.659995892429977 
10.66622400280318 
10.787086324551618 
10.719388820942083 
10.070120944476823 
10.7431513941125 
10.557463701597825 
10.586839787961827 
10.688250309133178 
10.71853287606922 
10.627533884472792 
10.660887270302567 
10.706496018061188 
10.621136113274641 
10.619302955415687 
10.662668375517542 
10.570804437724497 
10.701306461958625 
10.733015321685963 
10.825753832883112 
10.103287808412022 
9.047123912114026 
10.7632123668144 
9.909893083770042 
10.733015321685963 
10.66622400280318 
10.76155123244448 
10.622051819456377 
10.646558710154547 
10.811374693509942 
9.981567281903015 
10.79116288855502 
10.67771964164101 
10.007027266893969 
10.769011321097015 
10.697836357962377 
10.778898476008376 
10.581200581924957 
10.646558710154547 
10.100662339005199 
10.148476582178278 
9.041659151637216 
10.001408194392809 
10.589651146514786 
10.779719355143405 
10.672425341971495 
10.53430288245463 
10.791976820898688 
10.673309075561695 
10.822570830950168 
9.159871336778389 
10.665335917185176 
10.541096615349524 
10.204571144249204 
10.64565843240871 
10.144658242831882 
10.680359523513713 
10.698704666770345 
10.726218159332198 
10.611946941819982 
10.752380646552893 
10.138271800172221 
10.712527000439824 
10.779719355143405 
10.064742764750257 
10.697836357962377 
10.047123912114026 
10.112439506781552 
10.78053976747196 
10.082149041353873 
10.624795455860237 
10.487840033823051 
10.5401280385821 
10.0 
10.81858217748086 
10.217957697864113 
10.74819284958946 
10.581200581924957 
10.759888183221834 
10.715104009236168 
10.143383213989821 
10.669770888525518 
9.938109326219239 
10.760719947465624 
9.111135670234708 
10.661778097771988 
10.710806433699352 
10.710806433699352 
10.730470137184222 
10.709083812550345 
10.715104009236168 
10.148476582178278 
10.786269627648466 
10.654636028527968 
10.779719355143405 
10.578372691360805 
10.161131882984307 
10.698704666770345 
0.0 
10.696967526234287 
9.987264012072538 
10.703038388986418 
10.67065624911844 
10.709945380232497 
10.593391122791736 
10.052568050804155 
10.823367240046235 
10.664447284547972 
10.568906154502084 
10.663558104217273 
10.64565843240871 
10.69522829149575 
9.177419537989238 
10.76983784362944 
10.72451385311995 
10.699572453287269 
10.583082767502933 
10.81858217748086 
10.154818109052105 
10.778898476008376 
10.804131021183318 
10.699572453287269 
10.66622400280318 
10.665335917185176 
10.16867211813223 
10.1357092861044 
10.63390340934852 
10.07815080773465 
10.778898476008376 
10.156083076288683 
10.66622400280318 
9.987264012072538 
9.20945336562895 
9.994353436858859 
10.822570830950168 
10.766528908598865 
10.133142212400601 
10.692615501694581 
10.08613622502731 
10.775610280759539 
10.63753055152531 
10.731319031025064 
10.75905593916017 
8.936637939002571 
8.784634845557521 
10.710806433699352 
9.978710459106358 
10.493855449240824 
10.754052367528924 
10.823367240046235 
9.967226258835993 
10.112439506781552 
10.659103963473662 
10.766528908598865 
10.083479327331842 
10.157346935362844 
10.800899899920305 
10.694357887221452 
10.696098170955864 
10.742309436084 
10.719388820942083 
9.94104760634058 
10.741466986401146 
10.80896417491926 
10.660887270302567 
10.77807712953536 
10.659103963473662 
10.776433032444734 
10.686500527183219 
10.709945380232497 
10.200898605038445 
10.108524456778168 
10.730470137184222 
10.740624044489413 
10.741466986401146 
10.65105169117893 
10.689124404913258 
10.667111542075027 
10.131856960608793 
10.71681946132995 
10.664447284547972 
10.723660944409984 
10.720244258287567 
10.623881490013458 
10.779719355143405 
10.831307243802051 
10.632086412835182 
10.784634845557521 
10.773963368433558 
10.776433032444734 
9.949826710759112 
10.109830654278793 
10.041659151637216 
10.594324603924846 
10.728770849542665 
10.810571634741148 
10.734709620225837 
10.81858217748086 
10.687375683437468 
10.800090987624994 
10.543031820255237 
10.627533884472792 
10.121533517340033 
10.184875342908283 
10.650154213675094 
10.774787059601174 
10.219168520462162 
10.088788238716907 
10.116343961237469 
10.018200178813226 
10.766528908598865 
10.756556322524087 
10.824958740528523 
10.226412192788786 
10.776433032444734 
10.699572453287269 
10.67771964164101 
10.659103963473662 
10.773963368433558 
10.657318449581288 
9.172427508645484 
10.684748620421626 
10.18239435340453 
10.714245517666123 
9.008428622070582 
10.686500527183219 
10.719388820942083 
10.076815597050832 
10.096715154488537 
10.824958740528523 
10.73893668167614 
10.740624044489413 
10.091435386323607 
10.7431513941125 
10.660887270302567 
10.67595703294175 
10.723660944409984 
10.703038388986418 
9.111135670234708 
10.61470984411521 
10.783816759320182 
10.76983784362944 
10.007027266893969 
10.71853287606922 
10.721099188707186 
10.740624044489413 
10.73640193131829 
10.684748620421626 
0.0 
10.808159772868375 
10.448116305409464 
10.723660944409984 
10.80574387215162 
10.706496018061188 
10.669770888525518 
10.741466986401146 
10.71681946132995 
10.699572453287269 
10.581200581924957 
10.129283016944967 
10.717676423066397 
10.723660944409984 
10.773963368433558 
10.635718120331047 
10.027905996569885 
10.782179193831208 
10.066089190457772 
10.769011321097015 
10.664447284547972 
10.76983784362944 
10.697836357962377 
10.77066389291676 
10.112439506781552 
10.81858217748086 
10.687375683437468 
10.82972273508606 
10.7279204545632 
10.80896417491926 
10.584962500721156 
10.732167425663386 
10.72451385311995 
10.72451385311995 
10.665335917185176 
10.738092259620492 
10.687375683437468 
10.057991722759176 
10.681238411777805 
10.67065624911844 
10.618385502258606 
10.749031382040204 
10.828136484194108 
10.03754695396218 
9.972979786066292 
10.784634845557521 
10.059344460824425 
10.689997971419444 
10.582141981658777 
10.779719355143405 
10.579315937580015 
10.697836357962377 
10.76487159073609 
10.755722153642283 
10.669770888525518 
10.719388820942083 
10.619302955415687 
10.16867211813223 
10.71338651493703 
10.77807712953536 
10.71681946132995 
10.580258567499788 
10.705632387361414 
10.759888183221834 
10.824958740528523 
10.714245517666123 
10.186114239541643 
10.680359523513713 
10.57742882803575 
9.991521846075695 
10.828136484194108 
10.149747119504683 
10.671541066711884 
10.65105169117893 
10.751544059089099 
10.682116764950074 
10.084808387804362 
10.721953612801386 
10.77313920671969 
10.071462362556625 
9.94104760634058 
10.73893668167614 
10.62935662007961 
10.814582465906277 
10.144658242831882 
10.628445540137182 
10.820178962415188 
10.740624044489413 
9.90388184573618 
10.056637715113201 
10.016808287686555 
10.740624044489413 
10.78135971352466 
9.098032082960527 
10.74819284958946 
10.139551352398794 
10.76155123244448 
10.088788238716907 
10.700439718141093 
10.720244258287567 
10.762382038710394 
10.12023787734196 
10.216745858195306 
10.693486957499326 
10.723660944409984 
10.811374693509942 
10.03754695396218 
10.116343961237469 
10.107217075591384 
10.694357887221452 
10.688250309133178 
10.07815080773465 
10.777255315191923 
10.675074920385445 
10.78135971352466 
9.988684686772167 
10.817783121774534 
10.681238411777805 
10.73724734302774 
10.221587121264806 
10.779719355143405 
10.79766152585376 
10.712527000439824 
10.791976820898688 
10.207014320177533 
10.754887502163468 
10.779719355143405 
10.100662339005199 
10.499845887083206 
9.194756854422247 
10.782998208920413 
10.81858217748086 
10.683871868622605 
10.719388820942083 
10.735556023911535 
9.159871336778389 
10.73893668167614 
10.20945336562895 
10.667111542075027 
9.839203788096944 
10.599912842187129 
10.80896417491926 
10.811374693509942 
10.654636028527968 
10.77066389291676 
10.710806433699352 
10.73978060977326 
10.685624839726355 
10.184875342908283 
10.722807531169547 
10.719388820942083 
10.757390009366638 
9.981567281903015 
10.654636028527968 
10.73724734302774 
10.62935662007961 
10.682116764950074 
10.070120944476823 
10.732167425663386 
10.597121428789569 
10.782998208920413 
10.697836357962377 
10.738092259620492 
10.754887502163468 
10.570804437724497 
10.071462362556625 
10.825753832883112 
9.902375114486025 
10.052568050804155 
10.810571634741148 
10.738092259620492 
10.788718332690458 
10.733015321685963 
10.145932145820517 
10.749869427396844 
10.696098170955864 
10.71338651493703 
10.77313920671969 
10.813781191217037 
10.20945336562895 
10.820178962415188 
10.702172685365547 
10.623881490013458 
10.7714894695006 
10.77807712953536 
10.680359523513713 
10.700439718141093 
10.649256177517314 
10.690871009292314 
10.821773981970567 
10.715961990255146 
10.63117705570398 
10.699572453287269 
10.225207436943501 
10.809768128710413 
10.671541066711884 
10.734709620225837 
10.145932145820517 
10.831307243802051 
10.205793249397157 
10.743992861060175 
10.610102062999665 
10.087462841250339 
10.581200581924957 
10.740624044489413 
10.750706986224948 
9.219168520462162 
10.76983784362944 
10.095397022792557 
10.7431513941125 
10.72451385311995 
10.041659151637216 
10.701306461958625 
10.76983784362944 
10.602698865017965 
10.147204924942228 
10.723660944409984 
9.030667136246942 
10.774787059601174 
10.068778277985414 
10.723660944409984 
10.618385502258606 
10.659995892429977 
10.682116764950074 
10.826548487290914 
10.725366257895642 
10.005624549193877 
10.115043650161711 
10.725366257895642 
10.177419537989236 
10.122827994807668 
10.779719355143405 
10.721099188707186 
10.77066389291676 
10.068778277985414 
10.638435913990472 
10.005624549193877 
10.217957697864113 
10.594324603924846 
10.80574387215162 
10.756556322524087 
9.111135670234708 
10.776433032444734 
10.65105169117893 
10.210671343785622 
10.756556322524087 
10.639340708652233 
10.689124404913258 
10.217957697864113 
9.978710459106358 
10.581200581924957 
10.686500527183219 
10.73978060977326 
10.725366257895642 
10.1357092861044 
10.73724734302774 
10.673309075561695 
10.635718120331047 
10.728770849542665 
10.700439718141093 
10.197216693110054 
10.586839787961827 
10.193525360501216 
10.597121428789569 
10.734709620225837 
10.693486957499326 
10.73978060977326 
10.768184324776927 
10.682116764950074 
10.158609688214478 
10.071462362556625 
10.643856189774725 
10.756556322524087 
9.91139198784346 
10.108524456778168 
10.659995892429977 
10.75905593916017 
10.77313920671969 
10.059344460824425 
10.492854620174748 
10.553629293916366 
10.16867211813223 
10.776433032444734 
10.67771964164101 
10.804937672051908 
10.047123912114026 
10.026523442519766 
10.125413470483316 
10.624795455860237 
10.723660944409984 
10.153552031708111 
10.783816759320182 
10.738092259620492 
10.673309075561695 
10.776433032444734 
10.773963368433558 
10.65105169117893 
10.54978466794786 
10.715961990255146 
10.708221730038353 
10.574593527337612 
10.076815597050832 
10.824958740528523 
10.648357582009666 
10.723660944409984 
10.665335917185176 
10.738092259620492 
10.823367240046235 
10.71338651493703 
10.757390009366638 
10.162391328756906 
10.655530723155643 
9.975847968006786 
10.095397022792557 
10.651948610723448 
9.030667136246942 
10.728770849542665 
10.697836357962377 
10.546894459887637 
10.03754695396218 
10.710806433699352 
10.1357092861044 
10.756556322524087 
10.78953364497036 
10.606405212697785 
10.81698362325538 
10.649256177517314 
10.626621652358372 
10.733015321685963 
10.700439718141093 
10.80574387215162 
10.211888294546005 
10.750706986224948 
8.918863237274595 
10.682116764950074 
10.721953612801386 
10.7714894695006 
10.73640193131829 
10.661778097771988 
10.696098170955864 
10.60825482197791 
10.782998208920413 
10.754052367528924 
10.754887502163468 
10.62296694479051 
10.703038388986418 
10.727069558023706 
10.706496018061188 
10.030667136246942 
10.632995197142957 
10.696967526234287 
10.668884984266247 
10.056637715113201 
10.65105169117893 
10.81698362325538 
10.808159772868375 
10.115043650161711 
10.828136484194108 
10.777255315191923 
10.591522346570734 
10.153552031708111 
10.704768239362599 
10.657318449581288 
10.560332834212442 
10.663558104217273 
10.642954223480332 
10.7657004876511 
10.03754695396218 
10.779719355143405 
10.67065624911844 
10.772314573921653 
10.067434360756522 
10.758223214726724 
10.041659151637216 
10.808159772868375 
10.77313920671969 
10.73640193131829 
9.945443836377912 
10.72451385311995 
10.689997971419444 
10.77066389291676 
10.732167425663386 
10.794415866350107 
10.717676423066397 
10.502831804066744 
10.728770849542665 
9.918863237274595 
10.769011321097015 
10.730470137184222 
10.099347810403193 
10.00982861736811 
10.706496018061188 
10.087462841250339 
10.715104009236168 
10.667998535672528 
10.766528908598865 
10.105908508571158 
10.821773981970567 
10.651948610723448 
10.00982861736811 
10.824958740528523 
10.67860013909946 
10.628445540137182 
10.717676423066397 
10.588714635582264 
10.741466986401146 
10.727069558023706 
10.76155123244448 
10.705632387361414 
10.099347810403193 
10.769011321097015 
10.7714894695006 
10.070120944476823 
10.640244936222347 
10.81858217748086 
10.714245517666123 
10.82972273508606 
10.783816759320182 
10.69522829149575 
10.709083812550345 
10.20945336562895 
10.667111542075027 
10.824958740528523 
10.749869427396844 
10.754887502163468 
10.053925881531105 
10.768184324776927 
10.63117705570398 
10.683871868622605 
10.767356854125685 
10.041659151637216 
10.626621652358372 
10.63117705570398 
10.753216749178955 
10.733015321685963 
9.105908508571158 
10.047123912114026 
10.16867211813223 
10.582141981658777 
10.659103963473662 
10.16741814583174 
10.784634845557521 
10.817783121774534 
10.153552031708111 
10.73893668167614 
10.772314573921653 
10.787086324551618 
10.720244258287567 
10.080817527608327 
10.134426320220927 
10.77313920671969 
10.769011321097015 
10.477758266443889 
10.71338651493703 
10.145932145820517 
10.632995197142957 
10.642051692927977 
10.699572453287269 
10.721953612801386 
10.760719947465624 
10.69522829149575 
10.692615501694581 
9.047123912114026 
10.00982861736811 
10.108524456778168 
9.20212382383046 
10.62935662007961 
10.011227255423254 
10.014020470314936 
10.600842114387302 
10.810571634741148 
10.663558104217273 
10.696967526234287 
10.620219825507487 
9.124121311829187 
10.76983784362944 
10.727069558023706 
10.721099188707186 
10.171176797651771 
10.14210705730255 
10.812979471251483 
10.809768128710413 
10.558420713268665 
10.778898476008376 
10.703038388986418 
10.189824558880018 
10.708221730038353 
9.111135670234708 
10.17367713630342 
10.76155123244448 
10.084808387804362 
10.734709620225837 
10.581200581924957 
10.783816759320182 
10.099347810403193 
10.779719355143405 
10.824958740528523 
9.172427508645484 
10.682994583681683 
10.659995892429977 
10.045759661382684 
10.66622400280318 
10.164906926675688 
10.125413470483316 
10.048486873992337 
10.64565843240871 
10.611024797307353 
10.779719355143405 
9.111135670234708 
10.7714894695006 
10.654636028527968 
10.681238411777805 
10.7279204545632 
10.77313920671969 
10.826548487290914 
10.810571634741148 
10.73978060977326 
10.729620743553038 
10.539158811108031 
10.78953364497036 
10.622051819456377 
10.743992861060175 
9.939579214314692 
10.685624839726355 
10.788718332690458 
10.785452468158542 
10.625708843064466 
10.1357092861044 
10.669770888525518 
10.072802534544207 
8.985841937003341 
10.213104219641908 
10.814582465906277 
10.676838606474155 
10.708221730038353 
10.004220466318195 
10.626621652358372 
10.727069558023706 
10.186114239541643 
10.699572453287269 
10.831307243802051 
10.81858217748086 
10.684748620421626 
10.759888183221834 
10.016808287686555 
10.708221730038353 
10.5980525001616 
10.139551352398794 
10.730470137184222 
9.016808287686553 
10.658211482751796 
10.164906926675688 
10.657318449581288 
10.699572453287269 
10.754052367528924 
9.098032082960527 
10.14210705730255 
0.0 
10.659995892429977 
10.580258567499788 
10.564149489985732 
10.699572453287269 
10.672425341971495 
10.71681946132995 
10.648357582009666 
10.753216749178955 
10.669770888525518 
10.619302955415687 
10.764042217306589 
10.703903573444665 
10.075479149488016 
10.076815597050832 
10.348728154231079 
10.76983784362944 
10.681238411777805 
10.729620743553038 
10.79116288855502 
10.786269627648466 
10.696967526234287 
10.67595703294175 
10.01262453886506 
10.07815080773465 
10.100662339005199 
10.75905593916017 
10.662668375517542 
10.8193807908646 
10.583082767502933 
10.157346935362844 
10.775610280759539 
10.693486957499326 
10.664447284547972 
10.723660944409984 
10.712527000439824 
10.17367713630342 
10.682116764950074 
9.89026427702111 
10.747353829478062 
10.66622400280318 
10.611946941819982 
10.618385502258606 
10.038918989292304 
10.662668375517542 
10.560332834212442 
10.683871868622605 
9.179909090014934 
10.78135971352466 
10.038918989292304 
10.686500527183219 
10.824958740528523 
10.143383213989821 
10.76983784362944 
10.215532999745657 
10.06339508128851 
10.517669388133813 
10.7714894695006 
10.032045726930809 
0.0 
10.08613622502731 
10.745674324002135 
10.088788238716907 
10.732167425663386 
10.790348496751914 
10.735556023911535 
10.723660944409984 
10.579315937580015 
10.576484346796851 
10.699572453287269 
10.756556322524087 
10.67065624911844 
10.020979938904212 
10.72451385311995 
10.100662339005199 
10.766528908598865 
10.560332834212442 
10.762382038710394 
10.729620743553038 
10.177419537989236 
10.816183681432342 
10.81538329581354 
10.758223214726724 
10.721099188707186 
10.729620743553038 
10.583082767502933 
10.088788238716907 
10.814582465906277 
10.672425341971495 
10.177419537989236 
10.710806433699352 
10.813781191217037 
10.824958740528523 
10.779719355143405 
10.108524456778168 
10.733015321685963 
10.693486957499326 
10.67771964164101 
10.703038388986418 
10.709945380232497 
10.820178962415188 
10.61654884377899 
10.451211111832329 
10.052568050804155 
10.189824558880018 
10.707359132080883 
10.73893668167614 
10.720244258287567 
10.051208940914766 
10.703038388986418 
10.721099188707186 
10.814582465906277 
9.722807531169547 
9.044394119358454 
10.659103963473662 
10.786269627648466 
10.693486957499326 
10.814582465906277 
10.723660944409984 
10.586839787961827 
10.7632123668144 
10.7657004876511 
10.729620743553038 
10.7714894695006 
10.57742882803575 
10.669770888525518 
10.117643101389094 
9.90388184573618 
10.176173149107491 
10.672425341971495 
10.7657004876511 
10.63753055152531 
10.553629293916366 
10.779719355143405 
8.848622940429339 
10.831307243802051 
10.79685079526716 
10.7714894695006 
10.7657004876511 
10.122827994807668 
10.831307243802051 
10.715104009236168 
10.824958740528523 
10.786269627648466 
10.63662462054365 
9.134426320220927 
10.51865315567339 
10.618385502258606 
10.583082767502933 
10.759888183221834 
10.621136113274641 
10.205793249397157 
9.095397022792557 
10.63662462054365 
10.203348002979764 
10.820178962415188 
10.681238411777805 
10.63662462054365 
9.03342300153745 
10.60917873814198 
10.787086324551618 
10.72451385311995 
10.787086324551618 
10.187352073200497 
10.088788238716907 
10.732167425663386 
10.658211482751796 
10.799281621521923 
10.622051819456377 
10.709945380232497 
10.632086412835182 
10.569855608330949 
10.668884984266247 
10.786269627648466 
10.611024797307353 
10.026523442519766 
10.198445041452363 
10.823367240046235 
10.7279204545632 
10.14210705730255 
10.828136484194108 
10.095397022792557 
10.77313920671969 
10.816183681432342 
10.659103963473662 
10.754887502163468 
10.723660944409984 
10.621136113274641 
10.73893668167614 
10.807354922057604 
10.816183681432342 
10.787902559391432 
10.157346935362844 
10.722807531169547 
10.639340708652233 
9.845490050944376 
10.134426320220927 
10.16867211813223 
10.701306461958625 
10.646558710154547 
10.746514321138463 
10.76983784362944 
10.753216749178955 
10.719388820942083 
10.064742764750257 
10.824958740528523 
10.579315937580015 
10.787086324551618 
10.674192268145685 
10.78135971352466 
10.655530723155643 
10.742309436084 
10.757390009366638 
10.828136484194108 
10.07815080773465 
10.790348496751914 
10.701306461958625 
10.640244936222347 
10.774787059601174 
10.702172685365547 
10.749869427396844 
10.618385502258606 
10.156083076288683 
10.140829770773001 
10.187352073200497 
10.73978060977326 
10.72451385311995 
10.824958740528523 
10.720244258287567 
10.145932145820517 
10.7657004876511 
10.773963368433558 
10.076815597050832 
10.684748620421626 
10.06339508128851 
10.183635381473218 
10.651948610723448 
10.825753832883112 
10.703903573444665 
10.73978060977326 
10.20212382383046 
10.7632123668144 
10.821773981970567 
10.775610280759539 
10.098032082960527 
10.81538329581354 
10.087462841250339 
10.73724734302774 
10.751544059089099 
10.787086324551618 
10.750706986224948 
10.831307243802051 
10.810571634741148 
8.985841937003341 
10.118941072723509 
10.172427508645484 
10.619302955415687 
9.912889336229961 
10.708221730038353 
10.71853287606922 
10.804937672051908 
10.699572453287269 
10.787086324551618 
9.914385132155443 
10.816183681432342 
10.122827994807668 
10.618385502258606 
10.611024797307353 
0.0 
10.794415866350107 
10.702172685365547 
10.810571634741148 
10.482807956726667 
10.743992861060175 
10.712527000439824 
10.790348496751914 
10.824958740528523 
10.487840033823051 
10.686500527183219 
10.73893668167614 
10.661778097771988 
10.721099188707186 
10.784634845557521 
10.131856960608793 
10.73893668167614 
10.754052367528924 
10.675074920385445 
10.45532722030456 
10.699572453287269 
10.664447284547972 
10.821773981970567 
10.689997971419444 
10.77807712953536 
10.779719355143405 
