9.100662339005199 
9.897845456005513 
9.552669097514272 
10.071462362556625 
10.018200178813226 
9.147204924942228 
9.497851836951119 
9.884170519108435 
8.67595703294175 
9.095397022792557 
9.29920801838728 
9.90388184573618 
10.057991722759176 
10.122827994807668 
10.005624549193877 
8.124121311829187 
10.171176797651771 
9.754887502163468 
10.030667136246942 
10.101975670949232 
9.46352437327118 
10.105908508571158 
9.079484783826816 
9.41151098801207 
10.07815080773465 
10.095397022792557 
10.153552031708111 
9.927777962082342 
9.428360172704291 
0.0 
6.6582114827517955 
8.714245517666123 
9.824958740528523 
8.228818690495881 
10.038918989292304 
10.095397022792557 
9.972979786066292 
9.776433032444734 
10.16867211813223 
10.159871336778389 
9.938109326219239 
9.987264012072538 
9.197216693110052 
10.092757140919852 
9.89026427702111 
10.101975670949232 
8.927777962082342 
10.161131882984307 
9.4655664048094 
9.493855449240824 
8.86418614465428 
8.0 
9.842350343413809 
10.109830654278793 
9.46352437327118 
10.111135670234708 
10.049848549450562 
10.088788238716907 
10.070120944476823 
10.001408194392809 
8.94251450533924 
10.091435386323607 
10.148476582178278 
9.884170519108435 
10.121533517340033 
9.515699838284043 
9.250298417906333 
10.148476582178278 
10.064742764750257 
8.693486957499326 
9.888743248898258 
9.46352437327118 
10.10459875356437 
10.166163082646113 
10.108524456778168 
9.927777962082342 
9.978710459106358 
6.965784284662088 
9.438791852578262 
7.94251450533924 
8.038918989292302 
10.159871336778389 
9.445014845868423 
9.857980995127573 
10.059344460824425 
10.153552031708111 
9.513727595952437 
9.86573327085176 
9.840777923595054 
9.746514321138463 
10.066089190457772 
9.938109326219239 
9.41151098801207 
9.682994583681683 
10.03754695396218 
9.344295907915818 
8.24317398347295 
10.112439506781552 
9.139551352398794 
8.89178370321831 
10.166163082646113 
9.614709844115207 
10.098032082960527 
9.816983623255382 
10.051208940914766 
10.067434360756522 
10.113742166049189 
10.115043650161711 
7.643856189774724 
10.115043650161711 
9.991521846075695 
10.101975670949232 
9.394462694610317 
7.88874324889826 
8.86418614465428 
10.17367713630342 
8.388017285345136 
9.861086905995393 
7.375039431346925 
10.015415052386688 
10.090112419664289 
9.26912667914942 
9.881113960675098 
9.139551352398794 
7.475733430966398 
0.0 
10.030667136246942 
9.821773981970567 
9.625708843064466 
9.967226258835993 
9.337621901992508 
9.3151495622563 
9.751544059089097 
9.226412192788786 
9.78135971352466 
10.047123912114026 
10.164906926675688 
9.813781191217037 
9.16490692667569 
10.145932145820517 
9.505811553919594 
10.154818109052105 
9.047123912114026 
9.975847968006786 
9.908392620773752 
9.879583249612784 
10.145932145820517 
9.240791332161958 
10.127994320976393 
9.975847968006786 
9.221587121264806 
10.100662339005199 
8.832890014164743 
10.108524456778168 
9.929258408636974 
8.985841937003341 
9.558420713268665 
10.051208940914766 
9.280770770130603 
9.622051819456377 
8.24317398347295 
10.109830654278793 
9.843921051289035 
9.134426320220927 
10.008428622070582 
9.67771964164101 
10.16741814583174 
8.45532722030456 
9.631177055703978 
8.997179480937621 
9.543031820255237 
9.881113960675098 
9.394462694610317 
9.991521846075695 
10.070120944476823 
9.99859042974533 
9.861086905995393 
9.920352855415082 
9.361943773735241 
9.96434086779242 
10.171176797651771 
8.108524456778168 
9.098032082960527 
8.396604781181859 
9.31741261376487 
10.12023787734196 
9.379378367071263 
9.715961990255146 
9.157346935362844 
9.519636252843213 
9.057991722759176 
10.113742166049189 
9.517669388133811 
10.076815597050832 
9.622051819456377 
10.083479327331842 
9.960001932068081 
9.385862400641463 
9.074141462752506 
9.813781191217037 
9.9901039638575 
8.17492568250068 
9.885696373339394 
9.930737337562887 
8.787902559391432 
10.036173612553485 
9.968666793195208 
10.026523442519766 
9.426264754702098 
10.12023787734196 
9.214319120800766 
10.112439506781552 
9.674192268145685 
9.977279923499918 
9.917372079476841 
0.0 
10.05528243550119 
9.276124405274238 
8.252665432450248 
9.89026427702111 
9.779719355143405 
9.727920454563199 
9.821773981970567 
10.163649676015826 
9.67595703294175 
9.905387005018131 
9.35974956032233 
9.995767150877802 
10.101975670949232 
9.287712379549449 
10.161131882984307 
9.29920801838728 
9.364134655008051 
9.715961990255146 
10.156083076288683 
9.556506054671928 
10.062046137720492 
10.140829770773001 
8.17492568250068 
9.057991722759176 
9.926295994781112 
9.438791852578262 
9.271463027904375 
9.177419537989238 
9.802516365121223 
10.163649676015826 
9.527477006060396 
8.46352437327118 
9.90689059560852 
9.556506054671928 
9.308339030139408 
10.166163082646113 
10.096715154488537 
9.370687406807217 
10.105908508571158 
9.428360172704291 
10.16867211813223 
9.95274124718649 
10.047123912114026 
10.090112419664289 
10.007027266893969 
0.0 
9.85642552862553 
8.214319120800766 
9.700439718141093 
10.083479327331842 
10.16741814583174 
9.541096615349524 
9.26912667914942 
9.199672344836365 
10.100662339005199 
9.935165049603695 
7.98299357469431 
10.14210705730255 
10.103287808412022 
10.00982861736811 
10.059344460824425 
9.994353436858859 
0.0 
10.117643101389094 
10.148476582178278 
0.0 
10.108524456778168 
8.873444112515376 
10.103287808412022 
10.004220466318195 
8.361943773735241 
9.262094845370179 
8.96289600533726 
10.095397022792557 
9.505811553919594 
10.172427508645484 
9.912889336229961 
10.001408194392809 
8.366322214245816 
9.233619676759702 
9.679480099505446 
7.383704292474053 
10.08613622502731 
10.00982861736811 
7.375039431346925 
10.112439506781552 
10.181152256865566 
9.818582177480858 
10.117643101389094 
10.108524456778168 
10.10459875356437 
9.283088353024002 
9.501837184902296 
9.930737337562887 
9.521600439723727 
10.099347810403193 
10.147204924942228 
10.00982861736811 
10.162391328756906 
9.991521846075695 
10.075479149488016 
9.550746785383243 
9.936637939002571 
9.445014845868423 
9.509775004326938 
9.909893083770042 
10.158609688214478 
10.17367713630342 
8.224001674198107 
9.497851836951119 
9.94251450533924 
10.10459875356437 
10.112439506781552 
10.17367713630342 
9.566054038171092 
10.053925881531105 
9.796039608829771 
9.0 
9.871905237659186 
10.161131882984307 
8.854868383260238 
8.339850002884624 
10.023754353299418 
10.112439506781552 
9.95274124718649 
9.071462362556625 
10.095397022792557 
10.076815597050832 
10.13699111208023 
9.481799431665753 
10.171176797651771 
10.076815597050832 
8.409390936137703 
10.00982861736811 
10.091435386323607 
9.804131021183318 
8.247927513443585 
10.13699111208023 
9.985841937003341 
8.499845887083206 
7.813781191217037 
10.171176797651771 
10.096715154488537 
8.262094845370179 
10.056637715113201 
9.978710459106358 
10.118941072723509 
10.034798962577268 
10.096715154488537 
8.348728154231077 
10.156083076288683 
8.113742166049189 
9.873444112515378 
10.1357092861044 
9.319672120946995 
9.375039431346925 
10.117643101389094 
10.124121311829187 
10.016808287686555 
8.731319031025064 
10.143383213989821 
10.038918989292304 
10.075479149488016 
10.105908508571158 
9.67595703294175 
9.727920454563199 
10.171176797651771 
8.894817763307945 
10.100662339005199 
9.068778277985412 
10.148476582178278 
9.99859042974533 
10.100662339005199 
9.521600439723727 
10.156083076288683 
10.049848549450562 
10.176173149107491 
10.095397022792557 
10.147204924942228 
9.20212382383046 
10.05528243550119 
10.002815015607053 
10.080817527608327 
8.885696373339394 
10.07815080773465 
9.874981347653774 
9.238404739325079 
9.927777962082342 
9.776433032444734 
9.957102041562287 
9.962896005337262 
10.176173149107491 
9.31741261376487 
9.700439718141093 
10.122827994807668 
7.936637939002572 
10.049848549450562 
8.581200581924957 
10.162391328756906 
8.968666793195208 
9.799281621521923 
10.094077685671905 
9.91139198784346 
9.92481250360578 
9.961449694398196 
8.826548487290916 
9.537218400538597 
9.951284714966972 
10.113742166049189 
9.800899899920305 
8.744833837499545 
10.020979938904212 
9.978710459106358 
10.16867211813223 
9.29920801838728 
9.515699838284043 
9.991521846075695 
7.294620748891627 
9.364134655008051 
10.176173149107491 
9.475733430966399 
9.957102041562287 
10.011227255423254 
10.049848549450562 
10.056637715113201 
9.385862400641463 
9.930737337562887 
10.156083076288683 
9.116343961237469 
8.686500527183219 
10.113742166049189 
9.434628227636724 
10.161131882984307 
10.087462841250339 
7.7615512324444795 
10.172427508645484 
10.113742166049189 
9.231221180711186 
9.394462694610317 
8.714245517666123 
10.17367713630342 
10.109830654278793 
0.0 
10.072802534544207 
9.955649907528375 
10.038918989292304 
9.221587121264806 
9.970105890612182 
10.03342300153745 
10.095397022792557 
8.204571144249204 
9.558420713268665 
9.719388820942083 
10.044394119358454 
10.145932145820517 
8.90086680798075 
9.385862400641463 
0.0 
10.103287808412022 
10.096715154488537 
9.44086916761087 
10.112439506781552 
9.948367231584678 
10.16867211813223 
9.118941072723507 
10.166163082646113 
9.933690654952235 
10.060695931687555 
10.117643101389094 
10.116343961237469 
10.138271800172221 
9.339850002884624 
10.12670447284319 
10.145932145820517 
9.403012023574997 
10.108524456778168 
8.640244936222347 
9.705632387361414 
8.546894459887637 
10.16741814583174 
10.162391328756906 
10.03754695396218 
10.03342300153745 
10.062046137720492 
8.321928094887362 
7.912889336229962 
10.145932145820517 
9.266786540694902 
8.787902559391432 
9.868822554774999 
10.153552031708111 
10.154818109052105 
10.008428622070582 
10.153552031708111 
8.366322214245816 
10.163649676015826 
9.820178962415188 
10.108524456778168 
10.040289721025717 
9.981567281903015 
9.876516946565001 
9.485829308701904 
9.957102041562287 
9.447083226209653 
9.344295907915818 
9.978710459106358 
8.965784284662087 
10.049848549450562 
9.487840033823051 
10.159871336778389 
9.908392620773752 
10.062046137720492 
9.35974956032233 
9.826548487290916 
9.199672344836365 
10.172427508645484 
9.556506054671928 
9.39231742277876 
10.145932145820517 
9.709083812550345 
10.125413470483316 
10.103287808412022 
8.434628227636725 
10.172427508645484 
10.056637715113201 
9.084808387804362 
10.10459875356437 
10.153552031708111 
9.552669097514272 
10.171176797651771 
10.036173612553485 
7.375039431346925 
10.105908508571158 
10.163649676015826 
9.881113960675098 
8.016808287686553 
9.89178370321831 
9.945443836377912 
10.171176797651771 
9.932214751968385 
9.733015321685963 
8.90388184573618 
9.567956075415466 
10.153552031708111 
9.78953364497036 
9.985841937003341 
8.326429487122303 
10.181152256865566 
10.130570562805428 
10.011227255423254 
9.321928094887362 
9.7714894695006 
8.224001674198107 
9.818582177480858 
10.059344460824425 
10.171176797651771 
10.10459875356437 
9.390168956200185 
10.122827994807668 
10.052568050804155 
0.0 
9.786269627648466 
10.113742166049189 
10.001408194392809 
9.353146825498083 
10.098032082960527 
8.303780748177104 
10.101975670949232 
8.867278739709663 
10.088788238716907 
9.850186837645774 
9.78953364497036 
10.016808287686555 
10.169925001442314 
10.088788238716907 
7.294620748891627 
9.975847968006786 
10.038918989292304 
8.417852514885897 
9.44086916761087 
10.166163082646113 
9.878050912728536 
10.108524456778168 
9.403012023574997 
9.927777962082342 
9.111135670234708 
10.17367713630342 
9.843921051289035 
10.140829770773001 
9.99859042974533 
8.17492568250068 
10.049848549450562 
9.658211482751794 
9.543031820255237 
9.519636252843213 
9.991521846075695 
9.434628227636724 
9.560332834212442 
8.366322214245816 
9.807354922057604 
9.991521846075695 
10.059344460824425 
9.507794640198696 
7.794415866350106 
10.118941072723509 
9.194756854422247 
9.897845456005513 
10.101975670949232 
9.997179480937621 
9.388017285345136 
9.67771964164101 
9.52943055414615 
9.207014320177533 
10.108524456778168 
10.059344460824425 
9.933690654952235 
10.154818109052105 
9.991521846075695 
10.099347810403193 
8.252665432450248 
10.052568050804155 
9.980139577639157 
9.134426320220927 
9.422064766172813 
10.121533517340033 
10.088788238716907 
10.108524456778168 
9.353146825498083 
9.766528908598865 
8.94251450533924 
8.353146825498083 
10.112439506781552 
9.984418458801139 
10.143383213989821 
9.383704292474052 
8.189824558880018 
9.515699838284043 
9.62935662007961 
10.098032082960527 
9.432541900388259 
10.176173149107491 
9.5980525001616 
9.194756854422247 
10.163649676015826 
10.158609688214478 
10.041659151637216 
8.89178370321831 
10.034798962577268 
9.721099188707186 
9.859534786382653 
9.335390354693924 
10.17367713630342 
0.0 
9.932214751968385 
9.824958740528523 
9.475733430966399 
10.166163082646113 
10.019590728357882 
10.057991722759176 
8.787902559391432 
9.987264012072538 
9.594324603924848 
9.236014191900086 
9.909893083770042 
9.016808287686553 
10.072802534544207 
10.060695931687555 
9.881113960675098 
8.027905996569885 
9.824958740528523 
9.116343961237469 
9.834471049984222 
10.127994320976393 
9.945443836377912 
10.158609688214478 
10.059344460824425 
9.189824558880018 
10.118941072723509 
9.779719355143405 
10.153552031708111 
10.153552031708111 
10.074141462752506 
0.0 
9.992938336165814 
9.12670447284319 
10.159871336778389 
10.052568050804155 
0.0 
10.062046137720492 
9.949826710759112 
10.118941072723509 
9.968666793195208 
9.980139577639157 
9.991521846075695 
9.787902559391432 
10.041659151637216 
9.932214751968385 
9.407267764244732 
9.273795599214266 
9.698704666770345 
10.108524456778168 
9.734709620225837 
10.115043650161711 
10.163649676015826 
10.145932145820517 
9.943979914343739 
10.176173149107491 
10.099347810403193 
9.948367231584678 
9.479780264029099 
9.733015321685963 
8.335390354693924 
9.741466986401146 
9.13699111208023 
9.774787059601174 
10.099347810403193 
9.342074667999139 
10.116343961237469 
9.970105890612182 
10.105908508571158 
9.4093909361377 
10.13699111208023 
9.700439718141093 
10.153552031708111 
10.099347810403193 
10.06339508128851 
9.111135670234708 
9.804131021183318 
10.099347810403193 
10.092757140919852 
10.051208940914766 
10.014020470314936 
10.00982861736811 
9.802516365121223 
10.034798962577268 
0.0 
10.048486873992337 
10.145932145820517 
9.131856960608793 
9.874981347653774 
8.092757140919852 
9.432541900388259 
9.20212382383046 
8.479780264029099 
10.099347810403193 
9.9901039638575 
10.171176797651771 
9.89026427702111 
8.614709844115207 
10.166163082646113 
10.00982861736811 
8.339850002884624 
9.259743263690781 
9.80574387215162 
10.166163082646113 
10.153552031708111 
10.049848549450562 
10.045759661382684 
7.820178962415189 
10.14210705730255 
10.105908508571158 
7.539158811108032 
9.92184093707449 
10.156083076288683 
9.283088353024002 
10.17367713630342 
10.117643101389094 
9.837627933171404 
9.273795599214266 
9.546894459887637 
9.118941072723507 
10.176173149107491 
9.802516365121223 
10.107217075591384 
9.949826710759112 
10.109830654278793 
9.285402218862249 
10.041659151637216 
10.144658242831882 
9.954196310386875 
9.787902559391432 
9.99859042974533 
9.714245517666123 
10.057991722759176 
8.276124405274238 
9.67595703294175 
9.20945336562895 
9.240791332161958 
9.400879436282185 
10.111135670234708 
10.127994320976393 
10.166163082646113 
10.041659151637216 
10.060695931687555 
10.164906926675688 
10.172427508645484 
10.057991722759176 
9.46352437327118 
10.122827994807668 
10.048486873992337 
10.098032082960527 
9.403012023574997 
9.810571634741148 
9.4655664048094 
9.434628227636724 
9.923327485419193 
9.815383295813538 
10.056637715113201 
10.020979938904212 
10.01262453886506 
10.002815015607053 
0.0 
9.214319120800766 
0.0 
9.481799431665753 
9.7431513941125 
8.897845456005513 
7.515699838284044 
9.357552004618084 
10.153552031708111 
9.204571144249204 
10.116343961237469 
9.816983623255382 
10.092757140919852 
10.148476582178278 
10.10459875356437 
10.07815080773465 
10.064742764750257 
10.088788238716907 
10.156083076288683 
10.153552031708111 
9.85642552862553 
10.113742166049189 
9.144658242831882 
9.566054038171092 
7.442943495848729 
0.0 
9.366322214245816 
10.125413470483316 
8.515699838284043 
10.101975670949232 
9.385862400641463 
10.125413470483316 
8.980139577639157 
10.112439506781552 
10.176173149107491 
8.499845887083206 
9.594324603924848 
9.663558104217273 
9.79766152585376 
0.0 
9.489847960439299 
10.099347810403193 
0.0 
10.041659151637216 
9.965784284662087 
10.162391328756906 
8.262094845370179 
10.112439506781552 
9.758223214726724 
9.988684686772167 
10.084808387804362 
10.10459875356437 
10.17367713630342 
10.147204924942228 
10.117643101389094 
10.051208940914766 
8.90388184573618 
10.181152256865566 
9.098032082960527 
9.823367240046236 
7.936637939002572 
9.36850646150769 
10.176173149107491 
10.12023787734196 
9.7714894695006 
9.451211111832329 
9.074141462752506 
9.467605550082997 
8.971543553950772 
9.552669097514272 
10.159871336778389 
10.011227255423254 
8.686500527183219 
9.638435913990472 
9.335390354693924 
10.101975670949232 
10.159871336778389 
10.020979938904212 
10.178664851006472 
10.113742166049189 
10.047123912114026 
10.087462841250339 
7.467605550082998 
9.943979914343739 
9.879583249612784 
10.002815015607053 
10.10459875356437 
8.016808287686553 
9.782998208920414 
9.566054038171092 
9.961449694398196 
10.112439506781552 
10.045759661382684 
8.379378367071263 
9.44086916761087 
8.422064766172811 
8.894817763307945 
9.339850002884624 
8.092757140919852 
10.070120944476823 
9.832890014164741 
9.221587121264806 
9.92481250360578 
10.060695931687555 
9.945443836377912 
9.539158811108031 
10.074141462752506 
9.192292814470768 
9.90689059560852 
9.342074667999139 
7.813781191217037 
10.099347810403193 
9.88264304936184 
10.020979938904212 
10.112439506781552 
10.176173149107491 
10.059344460824425 
10.107217075591384 
9.786269627648466 
0.0 
9.057991722759176 
10.05528243550119 
9.829722735086058 
10.164906926675688 
8.94251450533924 
9.558420713268665 
10.108524456778168 
10.153552031708111 
9.398743691938193 
10.088788238716907 
9.918863237274595 
10.12670447284319 
9.829722735086058 
8.94251450533924 
9.689997971419444 
9.991521846075695 
10.10459875356437 
9.749869427396844 
9.169925001442314 
9.774787059601174 
8.851749041416058 
10.048486873992337 
8.487840033823051 
10.111135670234708 
9.328674927327947 
10.011227255423254 
10.166163082646113 
9.50382573799575 
10.153552031708111 
9.556506054671928 
10.066089190457772 
9.294620748891628 
10.092757140919852 
9.623881490013458 
0.0 
9.893301530860564 
10.043027283594549 
9.533329732305834 
10.056637715113201 
10.12670447284319 
10.163649676015826 
10.087462841250339 
9.250298417906333 
8.86418614465428 
8.794415866350105 
9.871905237659186 
9.851749041416058 
9.016808287686553 
10.043027283594549 
8.758223214726724 
10.153552031708111 
9.259743263690781 
10.095397022792557 
10.062046137720492 
9.980139577639157 
10.161131882984307 
10.151016538892248 
10.00982861736811 
10.026523442519766 
10.100662339005199 
10.002815015607053 
9.346513733165635 
10.166163082646113 
9.791162888555018 
9.552669097514272 
9.927777962082342 
10.158609688214478 
10.176173149107491 
10.113742166049189 
10.071462362556625 
10.019590728357882 
10.002815015607053 
9.308339030139408 
9.834471049984222 
9.280770770130603 
10.163649676015826 
9.13699111208023 
9.479780264029099 
8.179909090014934 
10.122827994807668 
9.749869427396844 
9.169925001442314 
9.791162888555018 
9.381542951184585 
10.016808287686555 
10.098032082960527 
10.161131882984307 
7.820178962415189 
8.280770770130603 
9.920352855415082 
10.122827994807668 
10.108524456778168 
10.154818109052105 
9.971543553950772 
9.189824558880018 
10.088788238716907 
10.092757140919852 
10.01262453886506 
10.05528243550119 
7.592457037268081 
7.409390936137703 
9.29920801838728 
8.290018846932618 
9.4241662888181 
9.505811553919594 
10.101975670949232 
9.845490050944376 
9.087462841250339 
10.108524456778168 
9.3151495622563 
10.178664851006472 
10.125413470483316 
10.096715154488537 
10.103287808412022 
9.467605550082997 
10.181152256865566 
9.938109326219239 
10.166163082646113 
10.117643101389094 
9.985841937003341 
9.469641817239516 
7.539158811108032 
8.189824558880018 
9.78135971352466 
10.014020470314936 
9.092757140919852 
9.552669097514272 
8.383704292474054 
9.971543553950772 
9.477758266443889 
10.171176797651771 
9.46352437327118 
9.154818109052105 
8.257387842692651 
8.29920801838728 
10.122827994807668 
10.12670447284319 
10.116343961237469 
9.912889336229961 
9.422064766172813 
10.002815015607053 
9.917372079476841 
10.130570562805428 
9.39231742277876 
9.816983623255382 
9.885696373339394 
9.85642552862553 
9.876516946565001 
10.127994320976393 
9.714245517666123 
9.326429487122303 
9.447083226209653 
10.171176797651771 
10.045759661382684 
10.072802534544207 
10.171176797651771 
8.383704292474054 
10.156083076288683 
10.17367713630342 
9.030667136246942 
9.954196310386875 
9.977279923499918 
9.768184324776927 
10.162391328756906 
10.148476582178278 
10.161131882984307 
10.176173149107491 
9.521600439723727 
9.884170519108435 
9.823367240046236 
7.86418614465428 
7.672425341971495 
8.169925001442312 
9.918863237274595 
9.888743248898258 
10.171176797651771 
10.10459875356437 
10.105908508571158 
10.147204924942228 
9.438791852578262 
10.16867211813223 
9.396604781181859 
10.127994320976393 
9.766528908598865 
10.109830654278793 
10.059344460824425 
9.250298417906333 
9.98299357469431 
10.176173149107491 
9.303780748177104 
10.124121311829187 
9.306061689428342 
9.9901039638575 
10.103287808412022 
10.041659151637216 
8.651051691178928 
10.040289721025717 
10.070120944476823 
10.057991722759176 
9.519636252843213 
9.94251450533924 
9.955649907528375 
10.17367713630342 
10.015415052386688 
10.083479327331842 
10.092757140919852 
10.105908508571158 
8.199672344836364 
9.850186837645774 
0.0 
9.515699838284043 
10.06339508128851 
10.17492568250068 
10.022367813028454 
10.060695931687555 
9.52943055414615 
10.074141462752506 
10.166163082646113 
10.101975670949232 
9.257387842692651 
10.153552031708111 
10.041659151637216 
10.057991722759176 
10.127994320976393 
10.12023787734196 
10.059344460824425 
10.178664851006472 
10.152284842306582 
8.17492568250068 
9.951284714966972 
10.08613622502731 
8.88874324889826 
8.204571144249204 
10.072802534544207 
10.088788238716907 
10.144658242831882 
8.96289600533726 
10.12023787734196 
8.784634845557521 
10.16867211813223 
8.968666793195208 
9.517669388133811 
9.86418614465428 
8.499845887083206 
10.108524456778168 
9.86573327085176 
10.147204924942228 
9.828136484194108 
10.076815597050832 
8.451211111832329 
10.038918989292304 
10.16867211813223 
8.839203788096945 
9.991521846075695 
9.221587121264806 
9.766528908598865 
10.020979938904212 
10.12023787734196 
9.4241662888181 
10.068778277985414 
10.092757140919852 
9.688250309133178 
9.350939181546432 
10.023754353299418 
9.914385132155443 
10.162391328756906 
10.053925881531105 
9.851749041416058 
10.166163082646113 
