14.745779350394706 
14.792383614935188 
13.826250543179254 
14.821026536116241 
14.658211482751796 
14.619474912948723 
14.247185806038997 
14.857397891701291 
14.562779041315185 
14.699680889909583 
14.268468898780467 
14.680853964042077 
14.853114583440288 
14.8342735152347 
14.842448562771908 
14.717837046737403 
14.870990753457793 
14.348866442756552 
14.86491156664343 
14.858418168086523 
14.824013998873268 
14.738725622493424 
14.582788837823436 
14.713923451576854 
14.779821932202063 
14.254807190051912 
14.787902559391432 
14.720137356354213 
14.323054760341646 
12.374767814092824 
14.14521571380491 
14.671872733453274 
14.679864913472565 
14.498724573034963 
14.773396807834722 
14.699680889909583 
14.368711065243714 
14.273212809854334 
14.876708781555095 
14.837627933171406 
14.236462721373895 
14.807757403589267 
14.714245517666123 
14.811776055326662 
14.85369942030022 
14.782332794580984 
14.130007402877116 
14.820926847404145 
14.739727878727697 
14.853309555403674 
14.213256138247942 
14.558002098774807 
14.636058124662933 
14.743519596294291 
14.823118409427483 
14.777717643361523 
14.857009025111093 
14.8615716011254 
14.812478169936147 
14.771231527564154 
14.509465751567852 
14.353698209048034 
14.86418614465428 
14.27539705711621 
14.858709543146263 
14.817133562980194 
14.845048942233154 
14.816733689079316 
14.828681954681977 
13.66277962161706 
14.763731079307275 
14.78902412879311 
14.85535517175252 
14.876229146243357 
14.828731532683008 
14.745989380245256 
14.785197010868652 
14.22799190960114 
13.63254087654689 
14.253256579781155 
14.169846728103668 
14.370891701496033 
14.197754224202695 
13.785145913982182 
14.428621886091113 
14.380596345227934 
14.879918231463073 
14.719281855600725 
14.763938512095683 
14.703687325967545 
14.282436909048958 
14.581318290491161 
14.204341884237456 
13.660107344787475 
14.814832773008401 
14.81227760062665 
14.665224868034455 
14.829524549078345 
13.77807712953536 
14.22956989855289 
14.874933333840945 
14.443785340500018 
14.787953558738907 
14.842890467152731 
14.718158240439857 
14.815983626652725 
14.832148306760155 
14.33378429533586 
14.224906090719767 
14.86442799251512 
14.729567639843053 
14.43456307555864 
14.779462880583898 
12.752380646552893 
14.60917873814198 
14.712795653732137 
14.279392941692574 
14.635037871183252 
14.675130068224403 
14.87824254386927 
14.806146803320527 
14.36160114779474 
14.641035670712347 
14.741256297092137 
12.32023644524165 
14.677113987765125 
14.715747542831355 
14.809215458608413 
14.671872733453274 
14.742204156772761 
13.713064257006153 
14.323054760341646 
14.70746698503506 
14.60917873814198 
14.739938791346894 
14.874885318430131 
14.842497669943514 
14.634357301137978 
14.638379345478658 
14.822272064157767 
14.473705749619416 
14.818981539432443 
14.616204209854299 
14.230320715661113 
14.724140767602004 
14.80670064999352 
14.874885318430131 
14.77586744106768 
14.835260918627489 
14.777769004013761 
14.744308284675663 
14.827690036707677 
14.66744422858426 
14.783254055813366 
14.25177825703587 
13.681787445175187 
14.386738210775134 
14.709622352644278 
14.740571344263262 
14.403012023574997 
14.22437858332084 
14.876852641059717 
14.249928220824193 
14.671209323704815 
14.72797361893742 
13.830019963059685 
14.864766511423445 
14.363655683944996 
14.152047120331877 
14.147602438250587 
14.843234077004007 
14.37592183441998 
14.669826239483376 
14.853650692949346 
14.876708781555095 
14.70320065059915 
14.40580626893627 
14.492103542479231 
14.254216677875487 
14.810119717664971 
14.845048942233154 
14.551828401108695 
13.788310503700918 
13.674192268145683 
14.664336166972463 
14.803727526553114 
14.705038341218907 
14.744413410557657 
14.082232220173745 
14.574830015337632 
14.14919139709934 
14.39419471001943 
14.822869535883957 
14.840532078112652 
14.205564183524457 
14.74383512338767 
14.651780480777733 
14.745989380245256 
13.507794640198696 
14.696206869018893 
14.84602900072055 
14.692234074189242 
14.773705868470199 
14.809215458608413 
14.629982653953999 
14.742993564405984 
14.7288771136786 
14.745989380245256 
12.84823170109382 
14.880013926278767 
14.798573053517066 
14.76414591506339 
14.554588851677638 
14.633165530487876 
14.7858611057596 
14.789941128390918 
14.791315535851709 
14.649817515620537 
14.267810818367241 
14.808913912928876 
13.804534402995227 
14.795481653458491 
14.216366949449624 
14.864089394156919 
13.6262794165506 
14.779565475879124 
14.412702149528114 
14.8271938218576 
14.35933777352322 
14.752746501076428 
14.817433395688074 
14.65888089504788 
14.668164786277613 
14.776021715252812 
14.4503735904061 
14.776535843422213 
14.863992637170805 
14.845882034384061 
14.264369290689206 
14.743361806865865 
14.174613647235942 
14.810270372419886 
14.778847155550876 
14.327131562682847 
14.699680889909583 
14.747720960818269 
14.78499261246348 
14.268176455655585 
14.609755885423706 
13.80896417491926 
14.698650412777864 
14.80357618696794 
14.359131836039337 
14.86742354257108 
14.740624044489413 
14.74892659213343 
14.822670406133346 
14.809114950384819 
14.785707880222747 
14.768442812054936 
14.832593376959855 
14.3277631387013 
14.73809225962049 
14.729461426558686 
14.283739502974525 
14.863605544321452 
14.841760886800547 
14.778847155550876 
14.722594098956584 
13.738514532429267 
14.83051520697684 
14.349212106088316 
14.226863716982413 
14.853650692949346 
14.741677644945858 
14.792281927178962 
14.791620782000154 
14.748874194325628 
14.169846728103668 
14.82192342468336 
14.821574700936907 
14.53503231452927 
14.827739648806956 
14.653516879421431 
14.398676898954971 
14.765752277899017 
14.673198638462788 
14.745989380245256 
14.633051977159138 
14.657318449581288 
14.805693497841975 
14.756869011549092 
14.748874194325628 
14.780488505367353 
14.415675757673032 
14.752119265079058 
14.709460811723229 
14.137711639015548 
14.785248105945454 
14.739305960964609 
14.224906090719767 
14.789737401067145 
14.880157456601813 
14.291170699321862 
14.879726822787097 
14.81117397072132 
14.833581930541694 
14.324883717194092 
14.738778390183885 
14.336157838472142 
14.225885235894607 
14.412437531948338 
14.743729955357237 
14.855501176277166 
14.739991514684228 
14.71896091198421 
14.84901407369482 
13.63662462054365 
14.737617054925435 
14.330566802880343 
14.767460313915675 
14.755200553057806 
14.837825009196694 
14.862831046897997 
14.099347810403193 
14.356039240983955 
14.35665829057118 
14.786780117389078 
14.727601427169228 
14.876181173940799 
14.431758749166155 
14.712204550438654 
14.296414387435924 
13.231971139162804 
14.69277893975992 
14.784685960547728 
14.454427824515871 
14.778847155550876 
14.83051520697684 
14.780847301854955 
14.74698660468794 
14.510269670898177 
14.624909660890252 
14.786780117389078 
14.6660020326449 
14.81528321638227 
14.81703360489515 
14.825058151039563 
14.754208992101525 
14.788106545965245 
14.7779230750006 
14.704606153972572 
14.7714894695006 
14.749921789071504 
14.73724734302774 
14.808511753954631 
14.213256138247942 
14.861038427524955 
14.817383427897232 
14.663502512246056 
14.850675208064741 
14.852773319088397 
14.7901448269498 
14.854965754099602 
14.822272064157767 
14.783407542173519 
14.85754368965404 
14.3277631387013 
14.273431383453858 
14.76424960536716 
14.39780830865287 
14.669328004395904 
14.831950453701129 
14.858321029987856 
14.864766511423445 
14.252517607762288 
14.738356194609771 
14.778693183223842 
14.812428030222833 
14.864718156442263 
14.800141557933319 
14.220378327695228 
14.398676898954971 
14.325516277814561 
14.79070484973406 
14.038318884385042 
14.86418614465428 
14.786116445496004 
14.785605720823122 
14.687375683437468 
14.838169827475287 
14.699680889909583 
14.881830922792105 
14.27605168695769 
14.808662576707462 
13.717676423066397 
14.855501176277166 
14.859825936033682 
14.772572322308324 
14.679809946332528 
14.408130679705899 
14.795532385591802 
14.781615851126912 
14.817133562980194 
14.700060353916363 
14.842448562771908 
14.309618456283072 
14.875557388803728 
14.75065465304127 
14.233769450446927 
14.87305954766147 
14.638153049248102 
14.71032215436064 
12.671762186344608 
14.875077370485911 
14.514529144599315 
14.781615851126912 
14.753634618853388 
14.623995767413883 
14.795380183839596 
14.829326335841667 
14.323054760341646 
14.735556023911537 
14.748140425125316 
14.753164506958425 
14.634357301137978 
14.216215358082366 
14.324461855977319 
14.812979471251483 
14.840482903988514 
14.638888382252262 
14.788106545965245 
14.853650692949346 
14.635037871183252 
14.786473845221302 
14.851456257033341 
14.810169937664659 
14.810119717664971 
14.782691132746091 
14.74562180793854 
14.693378054306908 
14.82232186291999 
14.734762535006636 
14.772211461671965 
14.732379446391358 
13.597936149095696 
14.33000650575562 
14.257314173785602 
14.386334056778406 
14.826796727056294 
13.628559456599863 
14.863121532158393 
14.81848231971713 
14.690598241705166 
14.810169937664659 
14.191676146352428 
14.826846369884125 
14.874741262608723 
13.590236157285094 
14.880157456601813 
14.691907056044839 
14.821275727763961 
14.697673491864153 
14.80715363917749 
14.776175972942443 
14.68288488554523 
14.774375272802063 
14.878194638470356 
14.773396807834722 
14.70011455491349 
14.842203001837733 
14.076732105338612 
14.816033642948417 
12.719174882328078 
14.878338349895197 
14.828483625638684 
14.778744509158738 
14.874549165801955 
14.874885318430131 
14.840679590429296 
14.606752195111985 
14.751648659055856 
14.81037080018373 
14.794212769983067 
14.825704152446432 
14.815983626652725 
14.812428030222833 
14.724673717383052 
14.87987038167481 
14.822272064157767 
14.68392668122271 
14.801506286636435 
13.48255589154897 
13.760719947465624 
14.859874455263567 
14.742309436083998 
14.801556807359951 
14.785248105945454 
14.824013998873268 
13.856133691860931 
14.737564244740355 
14.67595703294175 
14.859971488828366 
14.7797706445844 
14.249780115389212 
14.828830683574143 
14.785963247077275 
14.816833667945668 
14.789788335595242 
14.785963247077275 
14.79573529628706 
14.825356341479335 
14.337621901992508 
14.84573505307469 
14.753060016841708 
14.78253757014513 
14.67126461950371 
14.647458426454921 
14.834915404306381 
14.630039552656097 
14.802768774282756 
14.799382817119824 
14.17086395041193 
14.822072851917614 
14.27968312021035 
14.825853188624407 
14.845931024826395 
14.816283698420207 
14.764405126850725 
14.720137356354213 
14.729461426558686 
14.86780961249568 
14.583670447270272 
14.772314573921653 
14.785197010868652 
14.405340937044839 
14.86780961249568 
14.793298482351297 
14.384918625523815 
14.86780961249568 
14.816283698420207 
13.656201380194554 
14.777101172872113 
14.7858611057596 
14.823068638153234 
14.870990753457793 
14.741888272735252 
12.60130652612184 
14.82639952292648 
14.860989947425454 
14.850675208064741 
14.212268381236003 
14.86418614465428 
14.734868358746203 
14.872722969303823 
14.643405277115676 
13.725153203912992 
12.752380646552893 
14.832939447769602 
14.82639952292648 
14.685132031851063 
14.713332810280487 
14.798573053517066 
14.809366207816078 
14.786014315024428 
14.774117846353674 
14.839892683726271 
13.738514532429267 
14.099347810403193 
14.645770997854942 
14.802970669821116 
14.80084935618737 
14.785963247077275 
14.775198728897985 
14.872915309408883 
14.874837301421225 
14.667000629521379 
14.287207347899445 
14.81067204153667 
14.874837301421225 
14.711398109991588 
14.810019272420838 
14.776433032444732 
14.780283438732434 
14.193448357216477 
14.776792838816466 
14.501090770274512 
14.80715363917749 
14.843234077004007 
14.87824254386927 
14.841564347730577 
14.635037871183252 
14.789075088509154 
14.691470916513607 
14.58959263238848 
14.737405802585359 
13.78953364497036 
13.726963160660858 
14.830218081027713 
14.824013998873268 
14.815883588859052 
14.21704891355634 
14.403344955762313 
14.83777574271417 
14.787749550531137 
14.341310326237743 
14.692234074189242 
13.742625227929604 
14.773396807834722 
14.858175310575492 
14.605074339809244 
14.857397891701291 
14.259669714964458 
14.860408059124655 
14.57429786281339 
14.810722242314062 
14.807556176858919 
14.840581250560751 
14.828483625638684 
13.781257245749421 
14.757337918050684 
14.22204015786482 
14.832543931495335 
14.872626789634396 
14.367346491918154 
14.736877536361627 
14.766632427778108 
14.86611979330307 
14.800141557933319 
14.871087042254524 
14.735556023911537 
14.38855550398256 
14.807203962530334 
14.817483361748337 
14.289730740083755 
13.286124541533368 
14.823018865161874 
14.845931024826395 
14.250298417906334 
14.829920893872291 
14.366936868110495 
14.702822011777029 
14.810169937664659 
14.3292357417338 
14.776433032444732 
13.73724734302774 
14.171098592201645 
14.750811646897553 
14.253330456169058 
14.822819756022975 
14.208843990734616 
14.794212769983067 
14.394797605362543 
14.33098688296898 
14.677113987765125 
14.71462117058867 
14.728930242811563 
14.27968312021035 
14.710967824027577 
14.828086885739753 
14.859437723440449 
14.81823264506464 
14.722914235436516 
14.380528706744089 
14.7797706445844 
14.761291507338752 
14.791213772781845 
14.872722969303823 
14.40932463429064 
14.787749550531137 
14.755409215922052 
14.671154025786455 
14.879726822787097 
14.808913912928876 
14.759420105012714 
14.517238778801707 
14.780642286217137 
14.172505642092975 
14.180686194822783 
14.183325224524612 
13.596772122051036 
14.431040486893757 
14.869545649790165 
14.220151566102922 
14.57707472002639 
14.227239879225017 
14.789278909374946 
14.845931024826395 
14.869401059778095 
14.751491756261647 
14.879822530299462 
14.750759317510331 
14.743256604325191 
14.848720733687529 
14.354456017505628 
14.823068638153234 
14.821773981970567 
14.383299287547173 
14.211812265190192 
14.771695789850023 
14.796039608829771 
14.837627933171406 
14.87666082519892 
13.59584022372819 
14.874549165801955 
14.821275727763961 
14.868484986365182 
14.690543681998593 
14.809114950384819 
14.809818360950139 
14.775764582445017 
14.756452077786811 
14.743256604325191 
14.869304658385465 
14.685679585767188 
14.687867725633646 
14.822819756022975 
14.778333850542655 
14.379716797493629 
14.864766511423445 
14.862588931160625 
14.815083036689858 
14.869401059778095 
14.785707880222747 
14.817583288677616 
12.771695789850023 
13.717355122064909 
13.40580626893627 
13.831604145543634 
14.70746698503506 
14.780488505367353 
14.815783544128186 
14.258713240159219 
14.704173837217375 
14.320024849498393 
14.760771916812034 
14.74735382947806 
14.372252927280739 
14.678765172564116 
14.822272064157767 
14.857009025111093 
14.763782940300537 
14.228217442293436 
14.601190437202776 
14.86418614465428 
14.816883654780764 
14.857057639167369 
14.698162035011254 
14.336646024747374 
14.154264336924218 
14.388959036232889 
14.058921866415918 
14.827144190984283 
14.863702327271266 
14.590996316813536 
14.76284915706995 
14.7797706445844 
14.822272064157767 
14.695880750257556 
14.20502955500587 
14.384244122243077 
14.736719018767653 
14.872722969303823 
14.781257245749421 
14.2205294822913 
14.881591975006659 
14.850675208064741 
14.071546159788424 
14.744360848574193 
14.808159772868375 
14.835162208693415 
14.315361874200107 
14.80715363917749 
14.739833338891552 
14.631063345749958 
14.822023044559169 
14.862346774784125 
13.363997822358366 
14.759992179981001 
14.874741262608723 
14.767149912284854 
14.843773870049294 
14.876229146243357 
14.71284937838781 
14.730151673173314 
14.775404519503981 
14.631063345749958 
14.876373053580767 
14.701414768331626 
14.816183681432342 
14.74892659213343 
14.859874455263567 
14.773499835403207 
14.69555455776096 
14.776690046152304 
14.700548089599613 
14.65804408113399 
14.810270372419886 
13.76424960536716 
14.791366414695004 
14.05044387856481 
14.682061883541 
14.651836526270072 
13.676838606474153 
14.644870228269205 
14.837627933171406 
14.86785786397283 
14.828681954681977 
14.401812831137631 
14.703362893964181 
14.36843825381362 
14.83219776578554 
13.729620743553038 
14.391243589427443 
14.800040415543984 
14.377481688182959 
14.863702327271266 
14.601770788407709 
14.598517810612623 
14.821275727763961 
14.775044366677227 
14.33399388276136 
14.636737893031508 
14.765389707114759 
14.330566802880343 
14.842104765759736 
14.852773319088397 
13.490474864825337 
14.31366250315791 
13.74777340052679 
14.832593376959855 
14.79609032134681 
13.597936149095696 
12.615859493583082 
13.591171681377787 
14.757598355823912 
14.705848343508947 
14.815983626652725 
14.771695789850023 
14.81693363988396 
14.81703360489515 
14.749712330969304 
14.861474675125773 
14.690652799348484 
14.775044366677227 
14.828731532683008 
14.862346774784125 
14.651275973346639 
14.879918231463073 
14.289586665080801 
14.735450250603018 
14.705848343508947 
13.774169335318183 
14.704227883896944 
14.73312127365905 
14.81518313000803 
14.339502088869171 
14.188820622563961 
14.826449179423665 
14.665391438555265 
14.801758872564369 
14.872771056734152 
14.791519040459852 
14.796039608829771 
14.631063345749958 
14.37537888101812 
14.675130068224403 
14.817932978434559 
14.844068217515133 
13.684529482418487 
14.728292564047242 
14.30342402512287 
14.777666280880757 
14.720832077369677 
14.869304658385465 
14.720083902416905 
14.785350290670568 
14.813079710615142 
14.790806648706788 
14.794161991423644 
14.58419915445977 
14.87127960057052 
14.852773319088397 
14.473705749619416 
14.844607698610256 
14.810722242314062 
14.755409215922052 
13.457509135732698 
14.621822947394202 
14.828830683574143 
14.832296678749886 
14.744413410557657 
14.408661448179446 
14.103041873523642 
14.743098786128797 
13.459047326948218 
14.793958859311529 
14.823616027755019 
14.705740369475974 
14.598343336780042 
14.196064165921054 
14.25502856981873 
14.353422543614716 
14.859777415171992 
14.815083036689858 
14.87915244434181 
14.759264045188788 
14.69381361776131 
14.38471630764934 
14.57913912588289 
14.766477146223641 
14.335878800699232 
14.763886656694607 
14.86326675285819 
14.636851156626534 
14.749607590513262 
14.843822932130912 
14.762485855861582 
14.44643717584693 
14.773396807834722 
14.80715363917749 
14.7197631371949 
14.81323005660304 
14.257756130811693 
14.20785320723433 
13.63662462054365 
14.871616515792866 
14.388084573656561 
14.725792271494157 
14.729248976528353 
14.72749506902543 
14.693976920160138 
14.54091505673097 
14.733227217851562 
14.708868340211675 
14.845048942233154 
14.716605141335366 
14.773448322538657 
14.33692491418201 
14.852773319088397 
14.784788185095412 
14.301781962051106 
14.874933333840945 
14.819480586461145 
14.821574700936907 
14.75112558336727 
14.746671766167546 
14.635037871183252 
14.779001111446894 
14.753843508311638 
14.866023172398176 
14.276487941887197 
14.838809985708561 
14.83031712981021 
14.828632374977145 
14.732008389666875 
14.808511753954631 
14.405141463136344 
14.699951945812849 
14.739886066082716 
14.61447980424533 
14.7797706445844 
14.347206104941122 
14.864814864783959 
14.563255866782328 
14.403012023574997 
14.692234074189242 
14.662501490282528 
14.844068217515133 
14.81708358480338 
14.339432495996778 
12.820777301419088 
14.813630902655946 
14.881591975006659 
14.403344955762313 
14.823168178984742 
14.802162918088701 
14.701739638674352 
13.752276099646012 
14.782639947028573 
14.162784680189635 
13.78350985734259 
14.858321029987856 
14.878050912728538 
14.283594828381455 
14.82639952292648 
14.873924674473416 
14.875077370485911 
14.77360285561468 
14.7779230750006 
14.42259043389256 
14.63781353833324 
14.67126461950371 
14.630494661505578 
14.360298426618048 
14.81518313000803 
13.683213954934427 
14.751387144917906 
14.619933366192983 
14.57937486999729 
14.845048942233154 
14.773345291291271 
14.874549165801955 
14.7093531077261 
14.814782715062108 
14.773190730622517 
14.866071483659493 
14.810270372419886 
14.813330278557986 
14.367141694552364 
14.705254386300497 
14.87127960057052 
14.651388101356714 
14.799129814814686 
14.872771056734152 
14.849453971903232 
14.821026536116241 
14.741414316958398 
14.828285269327111 
14.191213472221287 
14.206251272060687 
13.624338545312986 
14.835902368628021 
14.176095214037872 
14.296270978386016 
14.858321029987856 
14.319531005375808 
14.742940950666588 
13.73724734302774 
14.83298887968069 
14.86437962618624 
14.81703360489515 
14.824262675085361 
14.823068638153234 
14.205182326228643 
14.443785340500018 
14.81227760062665 
14.852822076081285 
14.722006997509375 
14.852822076081285 
14.69810776060834 
14.682061883541 
14.824909032704138 
14.846469809923212 
14.771747365327405 
14.782127989946947 
14.221360549604995 
14.103041873523642 
14.792891946232825 
13.716069202014634 
14.757962889739842 
12.671541066711885 
14.779873217996522 
14.77463265332491 
13.73724734302774 
14.445208882546783 
14.302353326431204 
14.842694081916303 
14.83031712981021 
14.8568631731127 
14.874837301421225 
14.753791288782507 
14.880157456601813 
14.142904787508604 
14.881591975006659 
14.847008393881877 
14.279392941692574 
14.34769056755325 
13.710483598869924 
14.708868340211675 
14.312244829933347 
14.298706995621039 
14.744308284675663 
14.838957674201385 
14.65754175970338 
14.804433568115515 
13.812177305514448 
14.8342735152347 
14.739358707433396 
14.744045436452062 
14.744150581488247 
14.773396807834722 
14.817833075724119 
14.86491156664343 
14.841957399099547 
14.774889987938598 
14.86491156664343 
14.86162006168337 
14.357689449961006 
14.746829194016122 
14.774787059601174 
14.268468898780467 
14.74288833500835 
14.40580626893627 
14.809215458608413 
14.838416075797337 
14.220680621052205 
14.69555455776096 
14.724673717383052 
14.82798768371531 
14.86404101647501 
14.734180365646774 
14.842595879272409 
14.291962064711829 
14.84573505307469 
14.797509548568206 
14.022627890854034 
14.745989380245256 
14.814682593958569 
14.741414316958398 
14.839006900339438 
14.784583728756237 
14.878194638470356 
14.862443642212293 
14.874549165801955 
14.69506513068949 
14.741677644945858 
13.375446761369176 
14.114067647165266 
14.104271128936896 
14.629185836410766 
14.815533401944483 
14.392652831852155 
14.822769974444292 
14.704281928551875 
14.823168178984742 
14.66799853567253 
14.880013926278767 
14.769734554204597 
14.876373053580767 
14.775250179301548 
14.817982927195654 
14.350179523050157 
13.70940696072974 
14.845931024826395 
14.878386250522421 
14.671596349797396 
14.798724918817392 
14.658211482751796 
14.821275727763961 
14.763990365632964 
14.812428030222833 
14.668441828052998 
14.40101281538281 
14.84239945392871 
14.29634268469289 
14.78917700254147 
14.347206104941122 
14.86491156664343 
14.883454719023849 
14.741045577009839 
14.743414405259546 
14.737986672103272 
14.809918820182887 
14.745989380245256 
14.716176405807428 
14.591171681377787 
14.85462492740639 
14.70320065059915 
14.872626789634396 
14.282798858683533 
14.733439082899434 
14.737564244740355 
14.641430875492487 
14.830713256951874 
14.809567182259656 
14.744045436452062 
14.755461376922867 
14.820777301419088 
14.764560631570992 
14.832741703186365 
14.427640215994339 
14.836987250101743 
14.840089450644319 
14.431628182620894 
14.31366250315791 
14.308267917629676 
14.817533326078143 
14.20785320723433 
14.328324307587021 
14.880157456601813 
14.814532399274047 
14.774735592678567 
14.259449046285685 
14.377685023088404 
12.759264045188788 
14.820926847404145 
14.517607880383343 
13.597936149095696 
14.30342402512287 
14.724780283717926 
14.643968895922269 
14.7858611057596 
14.26099301870257 
14.358857206991559 
14.824013998873268 
14.7288771136786 
14.773396807834722 
14.839105347576902 
14.641656658198205 
14.765752277899017 
14.640075436716671 
14.69261550169458 
14.785145913982182 
14.8285827935684 
14.742098869778307 
14.777769004013761 
13.757598355823912 
14.700385529358963 
14.262828929261707 
14.379378367071263 
14.545990081162604 
14.872819142561701 
14.78397018582993 
13.990635833003022 
14.792637802972722 
