9.874981347653774 
10.615629636968098 
10.217957697864113 
10.757390009366638 
10.72451385311995 
9.909893083770042 
10.319672120946995 
10.607330313749612 
9.57742882803575 
9.871905237659186 
10.029287226968245 
10.632995197142957 
10.740624044489413 
10.78953364497036 
10.699572453287269 
8.90388184573618 
10.828136484194108 
10.52552080909507 
10.723660944409984 
10.776433032444734 
10.149747119504683 
10.778898476008376 
9.862637357558794 
10.117643101389094 
10.76155123244448 
10.772314573921653 
10.81698362325538 
10.647458426454921 
10.29232163280204 
0.0 
7.820178962415189 
9.679480099505446 
10.581200581924957 
8.994353436858859 
10.73724734302774 
10.772314573921653 
10.683871868622605 
10.53818893205242 
10.826548487290914 
10.82097669262124 
10.649256177517314 
10.692615501694581 
9.961449694398196 
10.77066389291676 
10.615629636968098 
10.776433032444734 
9.751544059089097 
10.821773981970567 
10.151016538892248 
10.17492568250068 
9.707359132080883 
8.784634845557521 
10.586839787961827 
10.78135971352466 
10.149747119504683 
10.782179193831208 
10.735556023911535 
10.768184324776927 
10.74819284958946 
10.705632387361414 
9.776433032444734 
10.76983784362944 
10.813781191217037 
10.61654884377899 
10.788718332690458 
10.188588845707349 
9.985841937003341 
10.813781191217037 
10.744833837499547 
9.57742882803575 
10.619302955415687 
10.149747119504683 
10.77807712953536 
10.824958740528523 
10.78053976747196 
10.651948610723448 
10.691743519171276 
8.204571144249204 
10.134426320220927 
8.784634845557521 
8.854868383260238 
10.82097669262124 
10.30720080914081 
10.591522346570734 
10.741466986401146 
10.81698362325538 
10.187352073200497 
10.600842114387302 
10.581200581924957 
10.52061868055628 
10.754052367528924 
10.658211482751796 
10.265615046484458 
10.46862404291802 
10.7279204545632 
10.06339508128851 
8.988684686772165 
10.782998208920413 
9.912889336229961 
9.73978060977326 
10.824958740528523 
10.413627929024173 
10.773963368433558 
10.557463701597825 
10.73640193131829 
10.746514321138463 
10.783816759320182 
10.784634845557521 
8.625708843064466 
10.784634845557521 
10.699572453287269 
10.776433032444734 
10.100662339005199 
8.75488750216347 
9.698704666770345 
10.82972273508606 
9.116343961237469 
10.611946941819982 
8.434628227636725 
10.705632387361414 
10.769011321097015 
10.032045726930809 
10.623881490013458 
9.905387005018131 
8.50382573799575 
0.0 
10.723660944409984 
10.569855608330949 
10.43567026093655 
10.680359523513713 
10.231221180711186 
10.207014320177533 
10.523561956057012 
9.978710459106358 
10.545929769085467 
10.733862719678543 
10.824163209744158 
10.574593527337612 
9.935165049603695 
10.812177305514448 
10.346513733165635 
10.817783121774534 
9.843921051289035 
10.681238411777805 
10.635718120331047 
10.604553229079038 
10.812177305514448 
9.980139577639157 
10.792790294301064 
10.681238411777805 
9.968666793195208 
10.775610280759539 
9.715961990255146 
10.78053976747196 
10.65284497300198 
9.800899899920305 
10.221587121264806 
10.73640193131829 
10.02513956227851 
10.428360172704291 
8.988684686772165 
10.78135971352466 
10.583082767502933 
10.112439506781552 
10.709945380232497 
10.45532722030456 
10.825753832883112 
9.157346935362844 
10.428360172704291 
9.799281621521923 
10.211888294546005 
10.605479518061669 
10.107217075591384 
10.690871009292314 
10.74819284958946 
10.69522829149575 
10.5980525001616 
10.638435913990472 
10.087462841250339 
10.674192268145685 
10.828136484194108 
8.92481250360578 
9.881113960675098 
9.108524456778168 
10.040289721025717 
10.787902559391432 
10.098032082960527 
10.497851836951119 
9.930737337562887 
10.354249381945241 
9.873444112515378 
10.783816759320182 
10.189824558880018 
10.752380646552893 
10.433585441150495 
10.76487159073609 
10.671541066711884 
10.095397022792557 
10.062046137720492 
10.565102078360313 
10.689997971419444 
8.918863237274595 
10.617467465294197 
10.653740778706569 
9.674192268145685 
10.735556023911535 
10.681238411777805 
10.729620743553038 
10.12023787734196 
10.787902559391432 
9.957102041562287 
10.782998208920413 
10.458406613236534 
10.690871009292314 
10.64565843240871 
0.0 
10.73893668167614 
10.015415052386688 
8.980139577639157 
10.615629636968098 
10.535275376620804 
10.494855584491198 
10.565102078360313 
10.823367240046235 
10.469641817239516 
10.620219825507487 
10.072802534544207 
10.693486957499326 
10.776433032444734 
10.015415052386688 
10.821773981970567 
10.022367813028454 
10.088788238716907 
10.482807956726667 
10.81858217748086 
10.220378327695228 
10.7431513941125 
10.80896417491926 
8.918863237274595 
9.850186837645774 
10.642051692927977 
10.147204924942228 
10.019590728357882 
9.957102041562287 
10.558420713268665 
10.823367240046235 
10.19598729802851 
9.457380879072536 
10.63026712502677 
10.220378327695228 
10.027905996569885 
10.824958740528523 
10.77313920671969 
10.072802534544207 
10.778898476008376 
10.121533517340033 
10.826548487290914 
10.667111542075027 
10.733862719678543 
10.769011321097015 
10.700439718141093 
0.0 
10.595257481449035 
8.971543553950772 
10.478769619475765 
10.76487159073609 
10.825753832883112 
10.360847084179666 
10.011227255423254 
9.984418458801139 
10.775610280759539 
10.647458426454921 
8.774787059601174 
10.809768128710413 
10.777255315191923 
10.710806433699352 
10.741466986401146 
10.692615501694581 
0.0 
10.786269627648466 
10.813781191217037 
0.0 
10.78053976747196 
9.721099188707186 
10.777255315191923 
10.703038388986418 
9.087462841250339 
10.0 
9.985841937003341 
10.772314573921653 
10.18239435340453 
10.828929827651486 
10.638435913990472 
10.696967526234287 
9.430452551665532 
9.9901039638575 
10.461479447286157 
8.459431618637296 
10.766528908598865 
10.710806433699352 
8.434628227636725 
10.782998208920413 
10.834471049984222 
10.563196272216738 
10.786269627648466 
10.78053976747196 
10.77807712953536 
10.019590728357882 
10.179909090014934 
10.662668375517542 
10.349834091457248 
10.774787059601174 
10.812979471251483 
10.702172685365547 
10.822570830950168 
10.690871009292314 
10.759888183221834 
10.377210530388552 
10.65284497300198 
10.144658242831882 
10.191059214531656 
10.632086412835182 
10.820178962415188 
10.82972273508606 
9.005624549193879 
10.177419537989236 
10.656424863277781 
10.77807712953536 
10.79116288855502 
10.82972273508606 
10.226412192788786 
10.738092259620492 
10.564149489985732 
9.816983623255382 
10.60917873814198 
10.821773981970567 
9.888743248898258 
9.047123912114026 
10.715104009236168 
10.782998208920413 
10.667111542075027 
9.888743248898258 
10.772314573921653 
10.760719947465624 
10.806549621985962 
10.161131882984307 
10.828136484194108 
10.756556322524087 
9.129283016944967 
10.702172685365547 
10.77807712953536 
10.564149489985732 
8.991521846075695 
10.806549621985962 
10.696098170955864 
9.172427508645484 
8.643856189774725 
10.828136484194108 
10.77313920671969 
8.985841937003341 
10.74819284958946 
10.682994583681683 
10.787086324551618 
10.721953612801386 
10.77313920671969 
9.066089190457772 
10.81858217748086 
8.897845456005513 
10.600842114387302 
10.80574387215162 
10.041659151637216 
10.101975670949232 
10.786269627648466 
10.798471801101618 
10.706496018061188 
9.643856189774725 
10.810571634741148 
10.728770849542665 
10.759888183221834 
10.778898476008376 
10.459431618637298 
10.504818987632841 
10.828136484194108 
9.733015321685963 
10.775610280759539 
9.86418614465428 
10.813781191217037 
10.69522829149575 
10.775610280759539 
10.198445041452363 
10.81858217748086 
10.735556023911535 
10.831307243802051 
10.772314573921653 
10.812979471251483 
9.96434086779242 
10.73893668167614 
10.697836357962377 
10.7632123668144 
9.719388820942083 
10.757390009366638 
10.60177078840771 
9.992938336165814 
10.642954223480332 
10.52845411076479 
10.660887270302567 
10.673309075561695 
10.831307243802051 
10.047123912114026 
10.473705749619416 
10.78953364497036 
8.79766152585376 
10.735556023911535 
9.507794640198696 
10.822570830950168 
9.791162888555018 
10.55170826162069 
10.7714894695006 
10.632995197142957 
10.650154213675094 
10.672425341971495 
9.67771964164101 
10.208234358339789 
10.66622400280318 
10.783816759320182 
10.552669097514272 
9.623881490013458 
10.71338651493703 
10.682994583681683 
10.826548487290914 
10.029287226968245 
10.188588845707349 
10.690871009292314 
8.262094845370179 
10.068778277985414 
10.831307243802051 
10.157346935362844 
10.669770888525518 
10.703038388986418 
10.743992861060175 
10.743992861060175 
10.088788238716907 
10.644757592516257 
10.81858217748086 
9.884170519108435 
9.583082767502933 
10.783816759320182 
10.28424574982967 
10.821773981970567 
10.767356854125685 
8.703903573444665 
10.828929827651486 
10.783816759320182 
9.974414589805528 
10.094077685671905 
9.67065624911844 
10.82972273508606 
10.78135971352466 
0.0 
10.749869427396844 
10.673309075561695 
10.728770849542665 
9.961449694398196 
10.682116764950074 
10.725366257895642 
10.772314573921653 
8.951284714966972 
10.221587121264806 
10.489847960439299 
10.732167425663386 
10.812177305514448 
9.73640193131829 
10.088788238716907 
0.0 
10.777255315191923 
10.77313920671969 
10.1357092861044 
10.782998208920413 
10.655530723155643 
10.826548487290914 
9.915879378835774 
10.824958740528523 
10.646558710154547 
10.742309436084 
10.786269627648466 
10.785452468158542 
10.807354922057604 
10.053925881531105 
10.791976820898688 
10.812177305514448 
10.105908508571158 
10.78053976747196 
9.623881490013458 
10.491853096329676 
9.214319120800766 
10.825753832883112 
10.822570830950168 
10.7279204545632 
10.721099188707186 
10.7431513941125 
9.049848549450562 
8.717676423066395 
10.812177305514448 
10.00982861736811 
9.647458426454921 
10.5980525001616 
10.81698362325538 
10.817783121774534 
10.701306461958625 
10.81698362325538 
9.090112419664289 
10.823367240046235 
10.559377090526684 
10.78053976747196 
10.729620743553038 
10.684748620421626 
10.611946941819982 
10.329796338220703 
10.660887270302567 
10.308339030139408 
10.06339508128851 
10.682994583681683 
9.78135971352466 
10.735556023911535 
10.336506559810255 
10.82097669262124 
10.635718120331047 
10.747353829478062 
10.072802534544207 
10.567956075415466 
9.962896005337262 
10.828929827651486 
10.375039431346925 
10.092757140919852 
10.812177305514448 
10.50382573799575 
10.79116288855502 
10.777255315191923 
9.131856960608793 
10.828929827651486 
10.73978060977326 
9.86573327085176 
10.77807712953536 
10.81698362325538 
10.217957697864113 
10.828136484194108 
10.735556023911535 
8.434628227636725 
10.778898476008376 
10.823367240046235 
10.610102062999665 
8.857980995127573 
10.611946941819982 
10.653740778706569 
10.828136484194108 
10.650154213675094 
10.497851836951119 
9.73809225962049 
10.227615943414223 
10.81698362325538 
10.545929769085467 
10.704768239362599 
9.052568050804155 
10.834471049984222 
10.802516365121223 
10.715961990255146 
10.043027283594549 
10.544964432789238 
9.005624549193879 
10.572700226487292 
10.749869427396844 
10.828136484194108 
10.77807712953536 
10.111135670234708 
10.78953364497036 
10.73724734302774 
0.0 
10.543998450134541 
10.783816759320182 
10.696967526234287 
10.062046137720492 
10.773963368433558 
9.038918989292304 
10.776433032444734 
9.7431513941125 
10.768184324776927 
10.591522346570734 
10.541096615349524 
10.710806433699352 
10.827342704234116 
10.768184324776927 
8.262094845370179 
10.681238411777805 
10.728770849542665 
9.121533517340032 
10.1357092861044 
10.824958740528523 
10.60825482197791 
10.78053976747196 
10.099347810403193 
10.642954223480332 
9.91139198784346 
10.82972273508606 
10.583082767502933 
10.80896417491926 
10.703903573444665 
8.918863237274595 
10.735556023911535 
10.443979542601253 
10.211888294546005 
10.197216693110054 
10.690871009292314 
10.131856960608793 
10.222794902868111 
9.090112419664289 
10.556506054671928 
10.690871009292314 
10.741466986401146 
10.183635381473218 
8.632995197142959 
10.787086324551618 
9.960001932068081 
10.624795455860237 
10.772314573921653 
10.703038388986418 
10.096715154488537 
10.45532722030456 
10.203348002979764 
9.960001932068081 
10.78053976747196 
10.741466986401146 
10.642051692927977 
10.817783121774534 
10.690871009292314 
10.774787059601174 
8.980139577639157 
10.73724734302774 
10.692615501694581 
9.909893083770042 
10.117643101389094 
10.788718332690458 
10.768184324776927 
10.78053976747196 
10.062046137720492 
10.522581531254831 
9.768184324776927 
9.082149041353873 
10.782998208920413 
10.690871009292314 
10.810571634741148 
10.094077685671905 
8.94251450533924 
10.188588845707349 
10.432541900388259 
10.773963368433558 
10.130570562805428 
10.831307243802051 
10.41996017784789 
9.945443836377912 
10.823367240046235 
10.820178962415188 
10.730470137184222 
9.722807531169547 
10.721953612801386 
10.50084187955693 
10.592457037268082 
10.051208940914766 
10.82972273508606 
0.0 
10.64565843240871 
10.581200581924957 
10.157346935362844 
10.824958740528523 
10.71681946132995 
10.749031382040204 
9.871905237659186 
10.696967526234287 
10.407267764244732 
9.984418458801139 
10.63662462054365 
9.842350343413809 
10.754052367528924 
10.742309436084 
10.610102062999665 
8.848622940429339 
10.571752643503546 
9.89178370321831 
10.57742882803575 
10.792790294301064 
10.653740778706569 
10.820178962415188 
10.741466986401146 
9.949826710759112 
10.787086324551618 
10.544964432789238 
10.81698362325538 
10.81698362325538 
10.754887502163468 
0.0 
10.691743519171276 
9.897845456005513 
10.82097669262124 
10.73724734302774 
0.0 
10.7431513941125 
10.656424863277781 
10.787086324551618 
10.685624839726355 
10.688250309133178 
10.699572453287269 
10.54978466794786 
10.730470137184222 
10.663558104217273 
10.101975670949232 
10.007027266893969 
10.492854620174748 
10.78053976747196 
10.50382573799575 
10.784634845557521 
10.823367240046235 
10.812177305514448 
10.66622400280318 
10.831307243802051 
10.774787059601174 
10.659995892429977 
10.159871336778389 
10.507794640198696 
9.328674927327947 
10.507794640198696 
9.91139198784346 
10.527477006060396 
10.774787059601174 
10.062046137720492 
10.785452468158542 
10.67771964164101 
10.778898476008376 
10.103287808412022 
10.806549621985962 
10.488844346457336 
10.81698362325538 
10.774787059601174 
10.743992861060175 
9.888743248898258 
10.568906154502084 
10.774787059601174 
10.77066389291676 
10.73640193131829 
10.71338651493703 
10.710806433699352 
10.553629293916366 
10.721953612801386 
0.0 
10.734709620225837 
10.812177305514448 
9.908392620773752 
10.606405212697785 
8.854868383260238 
10.124121311829187 
9.949826710759112 
9.45532722030456 
10.774787059601174 
10.694357887221452 
10.828136484194108 
10.611024797307353 
9.52552080909507 
10.824958740528523 
10.710806433699352 
9.353146825498083 
9.99859042974533 
10.550746785383243 
10.824958740528523 
10.81698362325538 
10.735556023911535 
10.741466986401146 
8.647458426454921 
10.809768128710413 
10.778898476008376 
8.535275376620802 
10.639340708652233 
10.81858217748086 
10.01262453886506 
10.82972273508606 
10.786269627648466 
10.588714635582264 
10.007027266893969 
10.214319120800766 
10.10459875356437 
10.831307243802051 
10.558420713268665 
10.779719355143405 
10.656424863277781 
10.78135971352466 
10.014020470314936 
10.730470137184222 
10.811374693509942 
10.672425341971495 
10.5401280385821 
10.703903573444665 
10.486835021563051 
10.740624044489413 
9.036173612553485 
10.454299293619899 
9.961449694398196 
10.154818109052105 
10.265615046484458 
10.782179193831208 
10.792790294301064 
10.824958740528523 
10.730470137184222 
10.742309436084 
10.824163209744158 
10.828929827651486 
10.749031382040204 
10.149747119504683 
10.78953364497036 
10.734709620225837 
10.773963368433558 
10.266786540694902 
10.563196272216738 
10.151016538892248 
10.125413470483316 
10.640244936222347 
10.566054038171092 
10.743992861060175 
10.717676423066397 
10.703903573444665 
10.697836357962377 
0.0 
9.96434086779242 
0.0 
10.161131882984307 
10.508785162064513 
9.734709620225837 
8.422064766172811 
10.24198314969433 
10.81698362325538 
10.161131882984307 
10.785452468158542 
10.562242424221072 
10.77066389291676 
10.813781191217037 
10.77807712953536 
10.76155123244448 
10.753216749178955 
10.768184324776927 
10.81858217748086 
10.81698362325538 
10.595257481449035 
10.783816759320182 
9.915879378835774 
10.226412192788786 
8.487840033823051 
0.0 
10.083479327331842 
10.799281621521923 
9.194756854422247 
10.776433032444734 
10.257387842692653 
10.79116288855502 
9.79766152585376 
10.782998208920413 
10.831307243802051 
9.172427508645484 
10.396604781181859 
10.467605550082999 
10.550746785383243 
0.0 
10.172427508645484 
10.774787059601174 
0.0 
10.730470137184222 
10.679480099505446 
10.822570830950168 
8.985841937003341 
10.782998208920413 
10.537218400538597 
10.689124404913258 
10.7657004876511 
10.77807712953536 
10.82972273508606 
10.812979471251483 
10.786269627648466 
10.73640193131829 
9.7632123668144 
10.834471049984222 
9.873444112515378 
10.580258567499788 
8.76487159073609 
10.07815080773465 
10.831307243802051 
10.787902559391432 
10.5401280385821 
10.148476582178278 
10.062046137720492 
10.158609688214478 
9.784634845557521 
10.217957697864113 
10.82097669262124 
10.711666973564347 
9.647458426454921 
10.442943495848729 
10.064742764750257 
10.776433032444734 
10.82097669262124 
10.726218159332198 
10.832890014164741 
10.783816759320182 
10.733862719678543 
10.767356854125685 
8.499845887083206 
10.661778097771988 
10.604553229079038 
10.710806433699352 
10.77807712953536 
8.842350343413809 
10.542064542283443 
10.226412192788786 
10.672425341971495 
10.782998208920413 
10.741466986401146 
9.098032082960527 
10.1357092861044 
9.124121311829187 
9.741466986401146 
10.226412192788786 
8.90086680798075 
10.74819284958946 
10.576484346796851 
9.98299357469431 
10.63662462054365 
10.750706986224948 
10.662668375517542 
10.370687406807217 
10.75905593916017 
9.972979786066292 
10.63026712502677 
10.062046137720492 
8.679480099505447 
10.774787059601174 
10.606405212697785 
10.717676423066397 
10.79116288855502 
10.831307243802051 
10.741466986401146 
10.779719355143405 
10.543998450134541 
0.0 
9.857980995127573 
10.747353829478062 
10.584022940257542 
10.824163209744158 
9.751544059089097 
10.221587121264806 
10.78053976747196 
10.81698362325538 
10.109830654278793 
10.768184324776927 
10.63753055152531 
10.800090987624994 
10.584022940257542 
9.759888183221834 
10.477758266443889 
10.699572453287269 
10.77807712953536 
10.527477006060396 
9.938109326219239 
10.542064542283443 
9.700439718141093 
10.734709620225837 
9.177419537989238 
10.782179193831208 
10.053925881531105 
10.707359132080883 
10.824958740528523 
10.181152256865566 
10.81698362325538 
10.220378327695228 
10.745674324002135 
10.019590728357882 
10.77066389291676 
10.429406741513981 
0.0 
10.617467465294197 
10.727069558023706 
10.378294855911893 
10.73978060977326 
10.791976820898688 
10.823367240046235 
10.767356854125685 
10.0 
9.715961990255146 
9.69522829149575 
10.60917873814198 
10.587777516328211 
9.810571634741148 
10.731319031025064 
9.631177055703978 
10.81698362325538 
10.005624549193877 
10.772314573921653 
10.751544059089099 
10.683871868622605 
10.821773981970567 
10.81538329581354 
10.706496018061188 
10.721099188707186 
10.775610280759539 
10.706496018061188 
10.064742764750257 
10.824958740528523 
10.542064542283443 
10.217957697864113 
10.647458426454921 
10.820178962415188 
10.831307243802051 
10.783816759320182 
10.757390009366638 
10.712527000439824 
10.697836357962377 
10.034798962577268 
10.591522346570734 
10.02513956227851 
10.823367240046235 
10.087462841250339 
10.320800548881637 
8.92184093707449 
10.78953364497036 
10.522581531254831 
9.938109326219239 
10.546894459887637 
10.08613622502731 
10.710806433699352 
10.773963368433558 
10.821773981970567 
8.647458426454921 
9.02513956227851 
10.638435913990472 
10.78953364497036 
10.78053976747196 
10.817783121774534 
10.67860013909946 
9.949826710759112 
10.768184324776927 
10.77066389291676 
10.712527000439824 
10.73893668167614 
8.483815777264256 
8.344295907915816 
10.022367813028454 
9.030667136246942 
10.131856960608793 
10.188588845707349 
10.776433032444734 
10.584022940257542 
9.88264304936184 
10.78053976747196 
10.038918989292304 
10.832890014164741 
10.799281621521923 
10.77313920671969 
10.777255315191923 
10.152284842306582 
10.834471049984222 
10.658211482751796 
10.824958740528523 
10.786269627648466 
10.687375683437468 
10.153552031708111 
8.515699838284043 
8.985841937003341 
10.545929769085467 
10.709083812550345 
9.870364719583405 
10.217957697864113 
9.100662339005199 
10.67860013909946 
10.164906926675688 
10.828136484194108 
10.149747119504683 
9.929258408636974 
9.011227255423254 
9.036173612553485 
10.78953364497036 
10.800090987624994 
10.785452468158542 
10.62935662007961 
10.117643101389094 
10.697836357962377 
10.63662462054365 
10.802516365121223 
10.099347810403193 
10.567005370247033 
10.617467465294197 
10.595257481449035 
10.611946941819982 
10.792790294301064 
10.481799431665753 
10.045759661382684 
10.139551352398794 
10.828136484194108 
10.733015321685963 
10.758223214726724 
10.828136484194108 
9.087462841250339 
10.81858217748086 
10.82972273508606 
9.834471049984222 
10.672425341971495 
10.682116764950074 
10.53818893205242 
10.822570830950168 
10.813781191217037 
10.821773981970567 
10.831307243802051 
10.192292814470768 
10.607330313749612 
10.566054038171092 
8.741466986401146 
8.640244936222347 
8.945443836377912 
10.63753055152531 
10.610102062999665 
10.828136484194108 
10.77807712953536 
10.778898476008376 
10.812979471251483 
10.127994320976393 
10.826548487290914 
10.108524456778168 
10.792790294301064 
10.522581531254831 
10.78135971352466 
10.741466986401146 
9.992938336165814 
10.694357887221452 
10.831307243802051 
10.032045726930809 
10.790348496751914 
10.03342300153745 
10.689997971419444 
10.777255315191923 
10.730470137184222 
9.62935662007961 
10.729620743553038 
10.74819284958946 
10.749031382040204 
10.191059214531656 
10.660887270302567 
10.664447284547972 
10.82972273508606 
10.709945380232497 
10.76487159073609 
10.77066389291676 
10.778898476008376 
8.96289600533726 
10.582141981658777 
0.0 
10.188588845707349 
10.743992861060175 
10.83051520697684 
10.722807531169547 
10.742309436084 
10.203348002979764 
10.75905593916017 
10.824958740528523 
10.776433032444734 
10.011227255423254 
10.81698362325538 
10.730470137184222 
10.740624044489413 
10.792790294301064 
10.787902559391432 
10.749869427396844 
10.832890014164741 
10.816183681432342 
8.918863237274595 
10.661778097771988 
10.766528908598865 
9.7632123668144 
8.965784284662087 
10.749869427396844 
10.768184324776927 
10.811374693509942 
9.779719355143405 
10.787902559391432 
9.64565843240871 
10.826548487290914 
9.815383295813538 
10.358651200892886 
10.599912842187129 
9.172427508645484 
10.788718332690458 
10.605479518061669 
10.812979471251483 
10.573647187493323 
10.752380646552893 
9.142107057302551 
10.73724734302774 
10.826548487290914 
9.684748620421626 
10.690871009292314 
9.968666793195208 
10.527477006060396 
10.717676423066397 
10.787902559391432 
10.125413470483316 
10.764042217306589 
10.778898476008376 
10.461479447286157 
10.226412192788786 
10.7279204545632 
10.639340708652233 
10.822570830950168 
10.738092259620492 
10.611024797307353 
10.824958740528523 
