15.500219464843928 15.273467809167844 14.977548256996624 14.961675776081215 15.736639753438709 
14.99028127536032 15.425838750780102 15.30858789632335 15.697673491864153 15.689725038703127 
15.80165784349984 15.773164968901119 16.08503669681943 15.673585131328958 15.241350119222416 
16.04212959335214 15.959639764364185 15.492291348564095 14.967136177662045 13.840876250058946 
14.805038471705462 14.761239556706208 15.499534498370142 15.531655595267171 15.61468109113734 
15.94984950341022 15.798395857126332 15.773164968901119 16.05608728631196 15.54417962115647 
15.2253957463744 13.959639764364185 14.606000294378084 13.559496593118668 15.258492425122302 
15.700548089599613 15.893704435552413 15.274814914450836 15.61519855708295 15.238740592597196 
15.093582623027908 14.825803511609065 15.644053419755135 15.592165011470899 14.634073635504452 
15.4231159101471 15.649649137121536 15.157899525738465 15.077817120895903 15.803248230061056 
15.479275030250207 15.810270372419886 14.750026506719868 15.2177305554499 14.587367335163968 
15.918909811130291 15.929050312614175 15.96368634377619 15.820827151803188 15.124040513473428 
14.680359523513713 14.763264246456993 15.07815080773465 15.649593006587889 16.109361375673917 
15.720805363515701 15.438012087651131 14.69479315499995 13.677389316501412 0.0 
14.57760584945247 14.71853287606922 15.488342277532524 15.821898518639548 15.92930464812163 
14.648245218207212 15.752406782095887 14.29913645435835 14.89145146544979 15.035056809238624 
16.02596140126147 15.537734076697514 15.906632277473072 15.926643467476268 15.847620177148002 
15.363655683944996 15.436288612287152 15.522918627437125 15.93152240234419 15.831307243802051 
16.093871430215152 15.103984396343106 15.51520703040875 15.035056809238624 15.058245457780947 
15.78340754217352 15.543303750376738 13.266640155930848 14.340128273700588 13.979693130152727 
14.876373053580767 14.931614734826839 14.951922128761305 14.72136625059886 15.124807915212624 
15.587425939613691 14.789431756129547 13.587308728333547 14.487211983209813 14.728452010164396 
15.761499291163817 15.54963427912233 15.34976499521255 13.811374693509944 13.913076395554812 
15.37758335921796 14.851114600138255 15.552278835106824 14.830267606268988 14.687156944138907 
13.585784114483445 13.736719018767653 13.723020931812032 0.0 0.0 
15.871712762835223 15.775507403800043 15.76919216336692 15.283450139278848 14.069953179485543 
13.626051214234261 14.86732700894502 13.913076395554812 0.0 14.516377174366388 
15.380934490088475 13.959639764364185 13.802112418586065 0.0 13.62890115202819 
13.792078530161723 14.62867336406831 15.743072481417547 15.448535782616466 15.30534928259895 
15.652984979313983 15.09077405464075 14.684091106529095 15.390000972426618 16.022237756531748 
15.183170121042133 14.980184214790222 15.616405256315236 15.685487965534733 16.091786595514403 
15.530863508266467 15.519851216078346 15.950738136047425 16.07650247821273 15.978062423405682 
13.074308741440257 15.530375853869636 14.934059394900794 15.501308514435301 15.404176950249616 
15.028985195795034 15.241350119222416 14.309902619183514 14.260552052308647 14.660441650209172 
16.058795063951244 16.13623016527164 16.06366893139894 15.876301101706389 15.597208742261037 
15.987863529824615 16.099121755127637 16.06366893139894 15.876301101706389 15.713628161154837 
15.393725617171569 15.959503928032264 16.109361375673917 15.99640728424794 15.255286803285793 
14.842448562771908 13.749240939022327 14.594441246609222 13.381407759783006 14.61769702930787 
15.697673491864153 15.720805363515701 16.068463409689155 15.264002687114218 15.392149688995579 
15.456193964122093 15.917721707894405 15.844019163774426 14.949507575828004 15.241350119222416 
15.329340870169284 15.776433032444732 15.921236589005282 15.79616638678014 15.36755126021612 
15.798395857126332 15.773164968901119 16.08503669681943 16.130691211337776 15.963008937339987 
15.848720733687529 15.423575544918128 14.33126686842246 15.723740926024991 15.79576065811745 
15.081733075303967 13.860602047970032 13.379107565561151 13.366868586167094 15.23545333389011 
14.705794357502583 15.147522944350744 14.764301447724494 15.15987133677839 14.448503519468838 
15.673805937916859 15.088788238716907 15.024360545888321 15.905481025353847 15.3391888945034 
14.599970939239018 14.498101243994853 14.965694113404151 15.178820439579379 15.837307627201506 
15.710806433699352 15.724114114944195 14.992982579079197 13.543998450134541 15.00189194393476 
16.05001866855233 15.560482111985962 15.703714358674873 15.21245838703655 15.393725617171569 
14.994265033718973 14.911579241402148 15.782409588823722 15.734497941692574 15.929374004569961 
15.238740592597196 15.331616773845072 14.069953179485543 15.165299592920427 14.896616222076874 
12.877667574067882 13.927407612949033 15.04524773457825 15.556416242673214 15.788667360371097 
15.657318449581288 15.536338292045654 14.880970525485576 13.539037611877406 0.0 
14.799838109490592 15.69951823191957 14.377210530388552 14.517423341396473 14.683049429622153 
15.54963427912233 15.520342440374003 15.54990496772203 15.043411837058834 14.075729827726907 
15.661193554292442 14.549423708426135 14.587367335163968 0.0 14.943155804939336 
15.775507403800043 15.711747622866483 15.303780748177104 15.580700213348875 15.79230734978997 
14.9583261437712 15.393859659264102 15.32030697026016 15.444141357718674 16.08503669681943 
13.585784114483445 13.736719018767653 13.723020931812032 14.388420968146132 14.896616222076874 
15.265028942458162 15.577222275593074 15.0418302391015 14.584845089120613 14.388420968146132 
15.505098215929495 15.440544784238872 15.952013164889488 15.764845680032137 15.936154812902988 
15.557044809283614 15.367517134184709 15.871712762835223 15.383704292474054 15.207662593913284 
14.03823313473178 15.01092141919049 15.506896391955719 14.95605846798069 15.229269462266737 
16.066425600635558 15.618270779580252 15.924186197956313 15.3131664759772 14.627932804713378 
15.221587121264806 15.133583753392871 15.802390143978274 16.008428622070582 15.57946326410972 
15.30381641563179 15.408528774366506 15.472881189330915 16.057124457905353 16.09122875273628 
15.415246615026106 15.920143470778509 15.259228343849179 15.733730346547627 15.740703091219281 
14.898648619967608 0.0 13.62890115202819 0.0 14.002287618401075 
15.75939409621435 15.959503928032264 16.059471215012397 15.48658365906727 14.9583261437712 
14.936269857602209 15.657318449581288 15.536338292045654 15.218638910613478 14.631518131801762 
15.165299592920427 14.894296738122124 15.642897831859129 15.545386846900222 14.967136177662045 
13.422721820900612 14.586253398065981 13.074308741440257 13.62890115202819 13.75248518588419 
14.710591218506757 13.913076395554812 12.999119179995297 13.96515296747099 13.531990578127592 
13.831307243802051 14.946083835455946 15.846126969961448 15.86309732728719 15.919934055748618 
15.805265245179124 15.990680146582216 16.001716053777464 15.732909361931158 15.498163589019425 
14.71284937838781 0.0 13.927407612949033 15.04524773457825 15.556416242673214 
15.265871392141014 13.641148597411233 14.76487159073609 13.0744760007345 14.536368649553852 
15.866675237964479 15.30858789632335 15.57990515345134 14.3371340458836 15.258492425122302 
15.97801772055683 16.07650247821273 15.932376252416908 15.764508798526602 15.720805363515701 
14.768907972478402 14.955559100602088 14.941368617969117 15.94984950341022 15.729248976528352 
15.853943032370992 13.422721820900612 15.085762894316964 15.183247674867761 15.47918027921582 
15.748952790323699 15.216859511416029 13.738936681676138 14.519144787997416 15.436776597264991 
15.561974040806497 15.360298426618048 15.1361500422548 15.310790267670813 14.943110007277605 
16.061898520467867 15.949667152117938 16.01767837699638 15.64813284565266 15.908275331354657 
15.956444224421013 15.384480234264139 14.863315156509897 15.07815080773465 15.662974281652366 
16.042642627599378 15.004176566701872 15.165299592920427 14.9511480896493 15.67446815498432 
15.969633844989549 15.486395108450667 14.846273911349906 13.835063492005096 13.373001054366437 
15.398476501449256 15.705227382434536 15.498163589019425 15.226675599075103 15.293866755224187 
14.069953179485543 14.636964411330121 14.802819250816214 15.47918027921582 15.870461050170753 
14.88817244966593 14.883263779005587 14.623595756903477 14.461799158099849 14.124686773651495 
16.005865738380198 16.0114238301992 15.537734076697514 15.906632277473072 15.926643467476268 
15.513665919914512 15.685953284813918 15.367517134184709 15.871712762835223 15.383704292474054 
15.761083693583357 15.98826306996404 16.115104628431208 15.513758432982671 15.313343648120135 
15.249335707836394 15.13795173471536 15.647964270407664 15.578579079174453 15.739648778545419 
14.121533517340033 13.208386790591067 14.721740054213047 14.99028127536032 15.425838750780102 
15.57556879058185 15.741967250229003 15.33427328530719 16.040460970956584 15.994176625161732 
15.27794117297546 14.660831575317676 13.854868383260238 15.202965558569366 14.994265033718973 
15.876301101706389 15.597208742261037 15.082648042352986 14.678159957542759 15.495948689123814 
15.144220078756293 15.647992367649753 15.71831881047926 15.293938581124873 16.023147905893026 
14.955559100602088 14.941368617969117 15.94984950341022 15.729248976528352 14.31373335026382 
14.79268863520643 15.354903626380986 15.97003846497874 15.873083585968285 15.891641324971811 
15.689725038703127 15.580700213348875 15.79230734978997 15.80629787350069 14.67904018639306 
15.553509304309202 15.987952326084988 16.122403372405586 16.110116227406998 16.117176357552122 
14.729620743553038 15.006764361191028 15.431595539138165 15.556895175404842 15.968486805041913 
14.872386312404679 15.541247896746496 14.80115259202697 14.872049576927376 15.174964682163882 
15.30534928259895 15.773293772908175 15.919934055748618 16.022237756531748 15.846151461232205 
15.38562651473644 14.9583261437712 14.722914235436516 13.217806273561598 15.443914811472094 
15.773164968901119 15.997686699523552 15.75830130306375 15.853943032370992 14.72398084426884 
13.681677655209691 14.704498086928258 15.907054955797916 15.458246390338322 13.210062483240232 
15.081733075303967 13.860602047970032 13.379107565561151 13.366868586167094 15.23545333389011 
15.489847960439299 15.98826306996404 16.115104628431208 15.937166891543356 14.695119519675224 
15.064616472892085 15.789431756129547 15.661193554292442 14.584962500721158 15.274159723049744 
14.851797833036905 14.715533063526584 15.976810219754634 16.047997207776856 16.095211563898147 
15.380393420262287 15.372116862483796 14.94695195176777 15.277977485003778 16.08503669681943 
15.82326771294876 15.792053103518185 15.692206825508222 15.695173906610593 16.106583386658286 
15.146290228456847 14.625994158014645 14.994265033718973 15.422524735901208 14.846273911349906 
15.573499265802564 15.646614958864653 15.650574975771605 14.687813062564933 13.405540383376932 
14.461990950585573 14.899451337048397 15.925461718703762 15.93152240234419 15.831307243802051 
16.02013354795089 15.507639809706603 15.523194374830966 14.687813062564933 13.405540383376932 
15.50025059195788 15.26726218862484 15.767149912284854 14.827293078482398 15.512987309419021 
15.218298344445737 14.345335938027581 15.405905963389017 14.952104195273522 15.01092141919049 
15.926689790846453 15.383704292474054 15.598256091950548 15.178820439579379 15.79576065811745 
15.629128904028173 15.350939181546432 15.178236895891091 15.330986882968983 15.500935218607905 
15.836592842132669 16.058795063951244 16.13623016527164 16.06366893139894 15.876301101706389 
14.205945939775763 15.105663020063565 15.335215869607191 15.968419303694821 15.715398997767329 
14.840089450644319 15.519329106934814 15.243806214344579 15.194756854422248 14.992938336165814 
14.9511480896493 15.949940670413895 15.499877022258303 15.707143401980908 14.523500699022808 
15.629128904028173 14.948732239819615 13.913076395554812 13.842448562771908 13.671430494185225 
15.580700213348875 15.79230734978997 15.80629787350069 15.393021691790008 15.921562038654145 
14.300638553993721 15.723740926024991 15.79576065811745 15.945009389540484 15.987863529824615 
14.260552052308647 14.407666097055019 15.138151783946913 15.302031961811265 16.00899753401982 
15.939785797273052 16.03047316623839 16.0114238301992 15.742546286448318 15.733730346547627 
15.898058101748529 15.820827151803188 15.73634907663378 15.773164968901119 16.08503669681943 
15.61519855708295 15.150619965305847 15.187854639909265 15.478580044778369 15.559287457086198 
16.088063562848557 15.937166891543356 15.819655212146085 15.444141357718674 15.872795099848267 
14.590528573736403 14.79375569859429 15.510207846851506 14.921655010785054 15.973988781356905 
0.0 13.842448562771908 13.671430494185225 14.89477040515668 14.716765884316077 
16.08731780200212 15.992982579079195 15.477473695616862 15.920143470778509 14.657150944303213 
13.31741261376487 0.0 13.840876250058946 0.0 14.463588230526515 
15.32030697026016 15.444141357718674 16.057124457905353 16.104905834096144 15.812954410322297 
15.453141999973637 15.994353436858859 16.001716053777464 15.748035570481699 15.896616222076874 
15.686719366021846 15.773164968901119 16.08503669681943 16.06366893139894 15.994309235966044 
14.460135887648546 14.79375569859429 14.9583261437712 14.79268863520643 15.32030697026016 
13.531990578127592 15.057695642154 15.789431756129547 15.661193554292442 15.220302744457967 
15.241350119222416 14.918257640290241 13.771283119641005 14.477315576455267 14.469323839886863 
16.074831362362794 15.94984950341022 15.62510949794148 15.126462497882587 15.34568244818678 
15.851261034429404 15.820278702816964 15.748769393000517 15.331616773845072 14.069953179485543 
14.670213636738564 13.338875632131565 14.501339618061397 15.703254733748146 14.978218872469533 
15.804383148032649 15.146290228456847 15.021543923801607 15.335215869607191 15.043411837058834 
13.842448562771908 13.671430494185225 14.89477040515668 14.656257254210976 14.942377046900674 
14.461990950585573 13.559496593118668 15.732458946131882 15.523715087264197 15.44307304238865 
13.074308741440257 15.185456208173967 15.383704292474054 15.649649137121536 15.271317116901379 
16.009588089840406 15.933275709824724 15.568965513675943 15.126462497882587 15.303602397675473 
15.758431440900269 15.773164968901119 15.913871127212282 15.923884546385334 15.678572631686505 
0.0 0.0 13.75248518588419 12.999119179995297 15.349592240121291 
16.058795063951244 16.13623016527164 16.06366893139894 15.876301101706389 15.713628161154837 
15.570033561381875 16.076919954896795 16.092550696570964 16.06753939938378 15.945329520946295 
15.697673491864153 15.689725038703127 15.580700213348875 15.79230734978997 15.80629787350069 
14.880970525485576 14.46913301982959 14.673585131328958 15.319213444864149 15.781001044466423 
14.517423341396473 15.183170121042133 14.703092478218437 14.832296678749886 13.950191349972702 
15.544390958597834 14.928472110565313 15.37517522079979 14.721953612801386 14.881878707600446 
13.725792271494157 14.57760584945247 0.0 14.602234901341065 14.717194444726458 
14.485577770903188 14.508970809227257 15.335215869607191 15.968419303694821 15.715398997767329 
15.23017058349584 14.748874194325628 15.130490124844886 15.276924064937946 15.817133562980194 
15.507577872856858 14.729620743553038 15.006764361191028 15.431595539138165 14.666501417483563 
14.950647019424986 15.38838733222664 15.263342565830273 14.896095846111704 14.756921119798278 
15.022757912187137 15.418346774728647 13.32206897619609 14.89145146544979 14.960364008877834 
16.09122875273628 15.21352195732102 13.921469060531411 14.132017679713387 14.703092478218437 
15.23545333389011 15.343289832291351 15.390404100627881 0.0 13.760512051357347 
15.47065887406055 16.058795063951244 16.13623016527164 16.15052080487383 15.264002687114218 
15.969633844989549 16.0678124640294 16.085617684057716 16.02596140126147 14.978308264317933 
15.41276829634002 15.098977883326194 15.67446815498432 15.632540876546893 14.820029338882215 
13.626051214234261 14.86732700894502 14.851846623007686 15.585226641890772 15.506307581100307 
15.646193040073303 16.119650407172916 16.054646709646295 16.018265390772385 15.919654788415016 
16.11376251077037 16.108340677872054 16.11597836718874 16.124222303410846 15.501121878595344 
15.6602745071816 16.044372772505437 15.541217641736147 15.483185971936717 15.448116305409464 
15.936499919482314 15.893088182814791 16.034992351893514 15.463715936558366 15.733174246727806 
14.9583261437712 15.393859659264102 13.217806273561598 15.344503973926932 14.716765884316077 
15.518560955958334 15.605248001565803 15.422984559025702 15.625280764813695 15.178820439579379 
15.393021691790008 15.432965929862638 14.878721510389022 13.62890115202819 13.75248518588419 
13.959639764364185 15.447341565370678 15.542427347526369 15.180530807344482 13.921469060531411 
13.074308741440257 13.831307243802051 14.972531117102672 15.775507403800043 15.711747622866483 
15.4231159101471 15.649649137121536 15.57990515345134 15.126462497882587 15.34568244818678 
15.456899815021279 15.4526273491019 13.896521622224975 15.435247025677182 13.959639764364185 
15.052737849549821 15.357826882210778 14.860553553204033 13.913076395554812 14.841613485008248 
15.375786115225063 14.718479362649424 14.76269346775443 14.825505413590053 14.865394978737783 
16.073827762925756 15.670324302564639 15.84227667450676 15.84600450737079 15.969633844989549 
14.68239114068375 16.05938671345782 15.42305023608127 14.620506227954358 14.599970939239018 
15.154501693864765 14.627932804713378 14.45847069741382 0.0 13.373001054366437 
15.803248230061056 15.873372014413187 15.38562651473644 13.913076395554812 13.840876250058946 
16.099121755127637 16.06366893139894 15.430256519999913 14.620506227954358 14.690871009292314 
15.178820439579379 15.79576065811745 15.87963110892513 15.830960781193863 15.787060809770239 
15.47269083924278 15.94674639247686 15.93057565353383 15.357173962393123 15.279501765476557 
14.663669281733677 14.728452010164396 15.34568244818678 15.945009389540484 15.987863529824615 
15.393859659264102 15.236537462730777 15.808008897539331 14.943613701614044 13.973518004703719 
16.024793384702548 16.001716053777464 15.826474007031347 15.955332058277385 13.623309967191387 
15.436776597264991 15.536338292045654 14.880970525485576 13.539037611877406 0.0 
15.826126381636866 15.73494772145717 15.112235859979007 14.386199313615807 14.721259431774516 
15.672370090643879 15.081358603288136 15.053713804702275 14.125897731760327 15.183247674867761 
15.935993734910202 15.94968994728998 15.487274800576024 15.405141463136346 15.81883179165538 
0.0 14.818781872275405 15.561884568572236 16.02535588108912 15.610678841099096 
14.851846623007686 15.585226641890772 15.506307581100307 15.439798425574487 15.861813887638839 
16.11888025639668 16.098525621379466 16.11522657723866 15.471357684944106 15.646643082397327 
15.805265245179124 15.97228428968371 15.94984950341022 15.218298344445737 15.027819625746924 
15.706361109838562 15.331616773845072 14.618557569172866 14.812778971627662 14.918956383482517 
15.65511140413328 15.01092141919049 13.951740039269598 13.385458001187969 13.908111110146647 
16.08909870269213 15.964137771425378 15.543998450134541 15.613530501870185 13.96515296747099 
15.96855430323087 15.307449871729412 15.33413359079816 15.661026498358849 15.72246068778745 
15.60495855369033 15.50227241516337 15.893775524701569 15.588714635582264 14.73788107685778 
15.21352195732102 14.499036136591057 14.715211284771843 15.436776597264991 15.982770809374028 
15.335215869607191 15.968419303694821 15.715398997767329 14.680359523513713 14.140430386710186 
15.31522033637591 14.809014435158632 14.700548089599613 15.375107327670955 14.9511480896493 
16.023516136505496 16.049295523789358 15.413231239124542 15.217124667450703 14.763264246456993 
14.069953179485543 15.241350119222416 14.994265033718973 14.911579241402148 15.782409588823722 
14.851797833036905 13.626051214234261 14.86732700894502 13.913076395554812 12.999119179995297 
15.683076851810515 16.038918989292302 15.651920590426464 15.995855462024089 15.918909811130291 
15.96855430323087 15.307449871729412 14.536186494922072 15.293687174826271 14.724140767602004 
15.920934320008138 15.672370090643879 15.081358603288136 15.61519855708295 14.974907474209726 
15.233994081827824 14.794568169864725 15.369256533387983 15.513264961385962 15.50227241516337 
15.476841114964854 14.971768059489715 15.681293324520828 15.499285338999742 15.836642149025849 
15.126462497882587 15.40214604014687 16.023321202594843 16.064890091279963 16.01804800611102 
15.108810288552062 15.057695642154 15.789431756129547 15.661193554292442 14.584962500721158 
15.339850002884626 14.587367335163968 0.0 14.943155804939336 14.72398084426884 
15.649143883682592 16.02596140126147 15.75830130306375 15.87500535396098 15.585872116783579 
14.89477040515668 14.656257254210976 14.41223903690697 14.717194444726458 15.762122463143223 
15.902469331305054 15.65234083774931 15.226675599075103 15.293938581124873 15.659549996879871 
16.052228393347402 15.338875632131565 15.558151617895346 15.27557892853667 15.758639637024578 
13.802112418586065 14.121533517340033 14.927546505015396 15.531655595267171 15.61468109113734 
14.324039871367216 15.717194444726458 15.523531327865031 16.00722441473506 15.94984950341022 
15.649649137121536 15.271317116901379 14.487902823849431 14.977458818043006 15.035056809238624 
15.773293772908175 15.919934055748618 16.022237756531748 15.79953459720878 15.816533710558584 
14.9583261437712 15.518560955958334 15.605248001565803 15.422984559025702 14.805038471705462 
15.180802724449348 15.486992100886074 15.117927132419982 15.762122463143223 16.06459542317418 
15.435344706373309 15.294513059633601 15.172544707229948 15.675846798363594 15.476841114964854 
15.081733075303967 13.860602047970032 0.0 0.0 0.0 
15.945009389540484 15.987863529824615 15.413231239124542 15.551497993440252 14.97772711827145 
15.386468787357591 15.810872834166208 15.460007864306471 14.955649907528374 14.898317959543908 
15.181424056876766 15.690461838569787 15.278050106318647 15.62265243592654 15.720805363515701 
15.294513059633601 15.742914643077334 15.444141357718674 16.08503669681943 16.06366893139894 
15.52628526425909 14.692996828382709 15.560720924300584 14.898412441684215 15.404642657668287 
15.750916299978075 13.50382573799575 15.561377454406644 15.367517134184709 15.871712762835223 
15.995303428650773 15.775507403800043 15.76919216336692 15.740703091219281 16.08503669681943 
15.95148962868664 15.900159246109634 15.859971488828368 15.422097626017269 15.563077075699885 
15.36563895823452 15.479275030250207 15.810270372419886 14.750026506719868 15.674606078621952 
15.940543015138168 15.632342066288265 15.619560884029877 15.500935218607905 15.775507403800043 
15.559287457086198 16.020589358626946 15.004176566701872 15.165299592920427 14.9511480896493 
13.587308728333547 13.557104658489855 0.0 14.121533517340033 14.955740708739398 
14.710591218506757 13.913076395554812 0.0 13.379107565561151 14.85909795170749 
15.767279254413921 15.866675237964479 15.30858789632335 15.697673491864153 15.68838692151346 
0.0 13.379107565561151 13.366868586167094 14.572167287643708 15.380799241654806 
14.994265033718973 15.693949704377287 16.062678612065742 16.075876036587218 16.048465587612437 
15.982436596885936 15.38586240064146 15.652984979313983 15.724114114944195 15.236537462730777 
15.150619965305847 15.689725038703127 15.580700213348875 15.79230734978997 15.80629787350069 
14.7018479125339 14.579198065523011 14.989527550925313 13.71853287606922 14.341101799094083 
14.678159957542759 15.325656809184329 13.974324956365042 14.9583261437712 14.722914235436516 
15.369801795374306 15.406968942445383 15.761239556706208 15.7858611057596 15.693160223256985 
14.928472110565313 15.37517522079979 14.805844615494484 15.582318425741537 14.863315156509897 
15.94984950341022 15.305954850827865 14.587367335163968 13.840089450644319 13.80966765898365 
15.926643467476268 15.847620177148002 15.291350593213497 15.773164968901119 16.057124457905353 
13.518776079461723 14.71639078949768 14.488656091085387 15.257351008709351 15.374564067587947 
15.84227667450676 15.767460313915675 15.476841114964854 15.033121835047542 15.84600450737079 
13.835063492005096 13.557104658489855 13.395801871389748 15.029502924814338 15.74191459904689 
15.65594992033843 15.583934825084564 15.626536101017232 15.746173131285564 15.884432890180733 
15.336436822285606 13.73819783941057 0.0 13.749240939022327 14.594441246609222 
13.436841649459383 15.70382248443917 15.623995767413884 16.029459787824965 15.462214676264997 
15.6555027723455 15.742914643077334 15.444141357718674 16.02013354795089 15.932745328425096 
15.69965378151809 15.6555027723455 15.742914643077334 14.832098846039136 14.069953179485543 
15.183170121042133 14.980184214790222 15.553299298480281 15.905104907241599 15.970150839283876 
15.64227737850386 15.969633844989549 16.022237756531748 15.87017203911021 15.97003846497874 
15.70322769242708 15.238740592597196 15.773164968901119 16.08503669681943 16.14059015360303 
16.12175608833056 15.486395108450667 15.710806433699352 15.217200417367545 13.217806273561598 
15.70219974646831 15.632540876546893 14.718265289118461 13.959639764364185 15.124807915212624 
14.547918737559977 14.761239556706208 15.50971315907815 15.508166165598634 15.969881126244971 
14.988862172783449 14.804030158104947 15.913684170910354 15.156794133249381 13.921469060531411 
14.79268863520643 14.931707061400587 15.452563004832289 15.678049891165374 15.974907474209726 
14.695717663228248 15.200017335880426 15.344053126304141 15.328850205249278 15.436906698720655 
14.733545003757078 13.811374693509944 14.9583261437712 15.393859659264102 15.32030697026016 
14.986864195119725 15.511690893239924 15.543756853375895 15.81525819543965 15.507639809706603 
14.234892257757776 13.529674561764642 15.425838750780102 15.799281621521923 14.840581250560751 
14.73788107685778 13.587308728333547 14.670213636738564 0.0 13.62890115202819 
15.693949704377287 16.06366893139894 15.876301101706389 15.002639237959457 15.338736382573916 
16.058795063951244 16.13623016527164 16.06366893139894 15.876301101706389 15.773731620534832 
15.937833555399154 15.334378047312942 15.064616472892085 15.789431756129547 15.1251712788752 
15.33413359079816 15.418083190551625 15.4231159101471 15.649649137121536 15.697673491864153 
15.75830130306375 15.87500535396098 15.588041142649802 15.629128904028173 15.224190141068075 
16.099121755127637 16.06366893139894 15.430256519999913 15.110075434706532 15.183247674867761 
14.645320683363298 14.930552554336137 13.31741261376487 0.0 13.840876250058946 
14.260552052308647 13.01297364837454 14.247259993941253 13.280045761300384 15.00189194393476 
15.798395857126332 15.773164968901119 15.997686699523552 15.75830130306375 15.853943032370992 
15.758431440900269 15.773164968901119 16.08503669681943 16.06366893139894 15.876301101706389 
15.52392944365167 16.034992351893514 15.832321405931385 15.549483874618394 15.047123912114026 
15.657318449581288 16.044052531801302 16.075249322832406 15.57946326410972 14.921655010785054 
15.836592842132669 16.058795063951244 16.109340968793223 16.102201279522866 15.94984950341022 
14.763264246456993 0.0 13.856522794429775 15.439668584643732 13.626051214234261 
15.79953459720878 15.816533710558584 15.941506172518718 16.057653339963938 16.0114238301992 
15.032088786670275 15.347621368568136 15.293938581124873 15.45981580798959 15.174184488520288 
11.739358707433396 13.818282583451978 14.25192615749639 15.126744798057816 15.037418258726438 
15.294513059633601 15.505997584098559 14.863315156509897 14.88817244966593 15.607272512309637 
16.01861313811365 16.023126242341572 15.559466718398664 16.083105308365077 15.907899941122192 
14.577310801689638 15.619360276870722 15.278050106318647 15.62265243592654 15.720805363515701 
14.148953164809123 15.488342277532524 14.49091353586606 15.220718403268574 14.511814411651034 
14.59356619651817 15.183170121042133 14.937419800305962 15.47351550830037 15.653432908230203 
15.303780748177104 15.580700213348875 15.79230734978997 15.80629787350069 15.393021691790008 
16.054795070737462 15.484822894262146 15.597907059862987 15.27557892853667 14.612292594109514 
14.719121392717154 14.683323628053252 14.499347632876601 0.0 14.648413760629284 
15.991964648645357 15.995303428650773 15.775507403800043 15.76919216336692 15.740703091219281 
15.94921117302443 15.712473263777525 14.877523795806066 15.530375853869636 14.613213928883951 
15.264002687114218 14.43879185257826 13.96515296747099 0.0 14.869545649790165 
14.715372183120408 15.811851298237984 14.898648619967608 0.0 13.809969047176152 
15.95148962868664 15.900159246109634 15.859971488828368 15.422097626017269 15.563077075699885 
14.705092355522472 15.431171106634984 13.626051214234261 15.039947160169094 15.144180239058924 
15.32030697026016 14.832098846039136 14.069953179485543 14.478390445166982 14.023234556845988 
14.729620743553038 14.690871009292314 14.82669743627574 15.606058146810808 15.557613276524698 
15.833828963134357 14.825207253963567 15.69951823191957 15.18754538880744 15.680881427992372 
15.548159638423135 15.825902863929254 14.889171200166803 15.373205021713918 15.509960524167852 
14.180453107328798 15.51403593659797 14.789431756129547 14.426723387521701 14.761135649828647 
15.204074368169717 15.102918890356055 15.719843335186725 14.878003000965888 14.339084481270476 
15.566618967246391 15.61519855708295 15.238740592597196 15.773164968901119 15.997686699523552 
15.911555836036417 15.887767996861147 14.970645182266665 14.9583261437712 15.393859659264102 
15.082648042352986 14.678159957542759 15.325656809184329 13.974324956365042 13.913076395554812 
15.807983750117078 15.580700213348875 15.79230734978997 15.80629787350069 15.393021691790008 
15.870461050170753 15.249335707836394 14.644137938636257 13.931660898852277 15.614422288546123 
13.73312127365905 15.350593931816185 13.71853287606922 14.918956383482517 15.62339571004957 
15.233994081827824 13.565221107694228 15.314229182613674 14.607156902481792 0.0 
13.217806273561598 13.543998450134541 0.0 14.561108910019191 15.487431832026212 
14.55272912851567 15.035915965434148 15.27786854617684 13.405540383376932 14.56914357654506 
15.415246615026106 15.518960445508391 15.616835975841015 16.061350095537833 15.421045739591204 
15.773164968901119 16.057124457905353 16.09122875273628 15.21352195732102 15.249335707836394 
15.102918890356055 15.2228326297556 15.487054927826856 13.560810468727942 15.743072481417547 
15.312067522788839 14.59356619651817 14.861426209683898 15.363450361943528 15.620191182135454 
16.06366893139894 15.876301101706389 15.713628161154837 15.122706686873611 15.863387758942629 
15.693949704377287 16.036731690180297 15.697917784117264 15.435344706373309 15.294513059633601 
14.851797833036905 14.724673717383052 15.497508831849705 15.319848496002644 15.92478931194817 
14.692016070329377 13.860602047970032 13.927129788695344 14.904399421380555 15.55200859158428 
14.904399421380555 15.883263779005587 15.968059243160823 15.852310045454411 15.971498648650297 
15.945009389540484 15.987863529824615 16.099121755127637 16.06366893139894 15.876301101706389 
15.405141463136346 15.971498648650297 15.986242037317684 16.015785261762442 16.05906978854001 
15.429177869451806 15.456899815021279 15.505098215929495 15.583170934730632 15.551497993440252 
15.423706842246295 15.898247093877819 16.015327930490415 16.052228393347402 15.75830130306375 
15.241350119222416 14.918257640290241 14.899545744995352 15.34568244818678 15.945009389540484 
15.152641351839238 15.557044809283614 15.367517134184709 15.871712762835223 15.775507403800043 
16.04603687924091 15.575214225677641 14.800697714363126 15.002946834789466 14.94708897502536 
15.806524449114182 15.799180418825316 15.543303750376738 13.266640155930848 15.156991586892456 
15.966595572469277 15.422524735901208 14.846273911349906 15.303281311200418 14.741993575099512 
15.73634907663378 15.773164968901119 16.08503669681943 15.555607682987821 14.69479315499995 
15.400746044849344 13.959639764364185 15.124807915212624 14.9511480896493 15.67446815498432 
15.871712762835223 15.383704292474054 15.250446470145251 14.357139590005463 13.860602047970032 
16.104680648097407 16.010047243964003 15.919910785535452 15.218298344445737 13.381407759783006 
15.409357785595049 15.282038659540177 15.54990496772203 15.576986179441844 15.779462880583898 
15.910103961278526 15.40384421002929 15.533542664998986 15.64227737850386 15.969633844989549 
15.050868963290737 16.04671903480585 15.910103961278526 15.40384421002929 15.533542664998986 
14.935165049603697 15.638605606218723 15.578313717990637 15.537734076697514 15.906632277473072 
15.761031735466885 15.874309008818916 15.695146713399193 15.625080951485986 15.959888764426777 
15.280372060362353 14.81678367937856 14.901479747693926 14.069953179485543 13.901338323179537 
15.523531327865031 16.00722441473506 15.993137418592177 15.96515296747099 15.914665421320114 
16.09122875273628 15.21352195732102 14.675571175062432 13.771283119641005 15.23545333389011 
14.579728413956145 14.752276099646012 14.885124367104101 15.49738408250002 16.011205412128035 
13.160028965299812 14.653852715319955 14.461990950585573 13.366868586167094 15.275106015146113 
15.48805978696045 14.792637802972722 15.431171106634984 13.626051214234261 14.86732700894502 
15.891736245364037 15.773731620534832 15.773164968901119 15.949712742101852 15.544753179344388 
13.666224002803178 15.258308386770597 15.278050106318647 15.686719366021846 15.773164968901119 
14.679095182868467 14.930552554336137 13.31741261376487 14.002287618401075 15.393859659264102 
16.02676116330748 15.94921117302443 15.761031735466885 15.874309008818916 15.695146713399193 
15.31522033637591 14.809014435158632 13.62193738796388 13.951740039269598 14.121533517340033 
15.550386066531285 15.363655683944996 14.579257002755321 15.23545333389011 15.523531327865031 
15.082648042352986 14.678159957542759 15.325656809184329 13.974324956365042 14.9583261437712 
15.80634822671225 15.269090143662467 15.799762237406103 15.887101592026477 15.389194377931702 
15.729248976528352 14.829871356727338 15.117927132419982 15.762122463143223 15.537552094393835 
15.916719212976627 15.837258343047472 15.369256533387983 15.744282002008202 15.773164968901119 
15.570033561381875 15.797180209517098 15.793171452119827 15.740703091219281 15.801960909471312 
15.209643742510092 14.353284691143074 13.908111110146647 14.843822932130912 15.329621175217575 
15.449180894099431 15.241350119222416 14.918257640290241 14.899545744995352 15.34568244818678 
15.009522484463487 14.673585131328958 15.319213444864149 15.431791388956226 14.842694081916303 
15.713628161154837 15.68838692151346 16.035314609824393 15.942377046900674 15.92930464812163 
15.386872903618189 15.512987309419021 15.505098215929495 15.716631933075915 15.587425939613691 
13.96515296747099 0.0 14.943155804939336 14.72398084426884 15.249335707836394 
14.620792573556173 14.741888272735252 15.439668584643732 14.724673717383052 15.390404100627881 
14.656257254210976 14.41223903690697 14.717194444726458 15.762122463143223 16.035336091127256 
15.558689758458948 15.570033561381875 16.099121755127637 16.06366893139894 15.876301101706389 
15.823317477355756 15.50025059195788 15.26726218862484 15.767149912284854 14.827293078482398 
15.530253914510586 16.03047316623839 16.0114238301992 15.537734076697514 15.906632277473072 
15.502365661710842 15.483185971936717 15.257314173785602 14.549303368513574 15.801582067058293 
15.854210958145208 15.23549073120826 15.55857018901306 14.121533517340033 13.208386790591067 
14.896616222076874 15.621908778672504 16.038640400199817 16.057653339963938 16.0114238301992 
15.126462497882587 15.40214604014687 16.023321202594843 16.090153780741137 16.112398779720674 
14.463460513189242 14.989527550925313 13.71853287606922 14.761707045067174 14.928425844389059 
14.994265033718973 15.657234699373292 16.09122875273628 15.21352195732102 13.921469060531411 
14.943155804939336 14.72398084426884 15.249335707836394 13.074308741440257 13.712204550438654 
15.361087056266339 13.605132229384154 13.634924465135093 15.381103532802465 15.739200462241278 
14.9511480896493 14.605363764457813 15.441841880339632 15.534880379924223 14.630324012510892 
14.628844208409905 14.57760584945247 14.87209768680786 14.720564916568025 14.814131803654274 
15.259228343849179 15.733730346547627 15.740703091219281 15.913871127212282 15.923884546385334 
14.721259431774516 15.447083226209653 15.232645768607355 13.71853287606922 14.761707045067174 
15.578313717990637 15.742546286448318 15.674771569583884 15.345093331387337 15.881711453846377 
15.953923597798392 15.266383946848034 14.65435632263111 15.197677446307418 15.23466776619257 
16.04682559248262 16.04893381543497 15.180530807344482 13.921469060531411 14.31621080966768 
15.276269830912272 15.102918890356055 15.2228326297556 15.487054927826856 13.560810468727942 
15.929374004569961 15.618700942593197 15.84227667450676 15.767460313915675 15.476841114964854 
16.023516136505496 16.049295523789358 15.797180209517098 15.736719018767653 15.303780748177104 
13.799787528544284 14.63072216210384 15.355764022547241 15.648441849118763 15.629128904028173 
14.51446750281927 14.683049429622153 15.052737849549821 15.530253914510586 16.03047316623839 
15.656005804094281 15.489847960439299 15.98826306996404 16.115104628431208 15.513758432982671 
15.23545333389011 14.728079941808785 14.86732700894502 14.9583261437712 14.79268863520643 
14.9583261437712 14.977861249676911 15.561705607455478 15.21352195732102 15.249335707836394 
13.840876250058946 0.0 0.0 13.749240939022327 14.288073008232963 
15.51646951374371 14.982815365189929 15.369631423140037 15.564209045189807 15.649593006587889 
15.13795173471536 15.426363045438116 15.962082633851564 15.974907474209726 16.04893381543497 
14.300638553993721 15.198867044764722 15.717194444726458 15.33734314727405 15.952058680799478 
15.871712762835223 15.775507403800043 15.711747622866483 15.345093331387337 15.982436596885936 
15.75830130306375 15.853943032370992 14.72398084426884 14.586253398065981 14.179986819334793 
13.835063492005096 13.749240939022327 14.757233729775857 15.011664051890575 15.129001213048987 
13.913076395554812 13.840876250058946 12.899356922923111 14.519144787997416 15.436776597264991 
15.968486805041913 15.542125016160211 14.928472110565313 15.37517522079979 14.805844615494484 
15.556416242673214 15.788667360371097 15.73259143596501 15.214812382309459 14.586253398065981 
15.48658365906727 13.913076395554812 13.840876250058946 14.516377174366388 14.994265033718973 
15.995303428650773 15.383704292474054 15.207662593913284 15.233619676759703 15.47918027921582 
15.413363481210968 13.830713256951874 14.017678376996379 15.388589135981464 15.55242894852647 
0.0 14.002287618401075 13.594557879863734 13.217806273561598 14.78074479767779 
15.54963427912233 13.825455724597955 15.268395793556557 15.805265245179124 16.023082914262737 
15.926689790846453 15.849869308197833 14.832098846039136 14.069953179485543 15.241350119222416 
15.846396351075422 14.100580216048531 15.201702772224287 15.365263029453185 15.905081396603501 
15.789431756129547 15.700954410082465 15.520864182988745 15.156794133249381 13.921469060531411 
15.670683907883998 16.001716053777464 15.748035570481699 15.82075237558108 15.207395692946914 
14.880970525485576 15.108891944372825 14.072216362479017 0.0 15.241350119222416 
15.987863529824615 16.099121755127637 16.06366893139894 15.876301101706389 15.204074368169717 
14.43723190103948 14.353284691143074 13.908111110146647 0.0 14.670213636738564 
14.995943767764953 15.830638991397278 15.311712843113316 15.83148044391007 15.775507403800043 
15.103369777392523 15.165535141377925 15.434269854791212 14.740834826145262 15.283124535732409 
14.994265033718973 14.911579241402148 15.782409588823722 15.734497941692574 15.929374004569961 
15.650266428900203 15.598488733105777 14.83308773842201 15.422229057911217 14.812026849771602 
16.0230395848826 15.030753336769232 15.400746044849344 14.544058843003121 14.760875849889011 
15.773164968901119 15.913871127212282 15.923884546385334 15.63140444872847 15.473420378232689 
15.536095408980891 16.067560406191554 15.507577872856858 15.65234083774931 15.082648042352986 
14.820029338882215 14.390907852524089 14.55206865007526 15.042941813347129 14.894296738122124 
15.987863529824615 16.099121755127637 16.06366893139894 15.876301101706389 15.204074368169717 
15.595927614771675 15.23017058349584 14.748874194325628 15.130490124844886 15.276924064937946 
15.411577189459411 15.947499966730854 15.891285317869524 15.304208699445645 15.773164968901119 
13.796952161509315 13.906045018731199 0.0 13.967226258835995 15.534880379924223 
14.690871009292314 15.325691939887966 15.43299854235297 16.09545883712645 15.54324332589018 
13.626051214234261 14.86732700894502 13.913076395554812 0.0 13.967226258835995 
14.309902619183514 11.739358707433396 0.0 13.63447075177625 15.081733075303967 
15.523531327865031 16.00722441473506 16.063100107639876 16.091786595514403 15.143821632266551 
15.339850002884626 14.587367335163968 0.0 14.943155804939336 14.72398084426884 
15.837825009196694 15.506927375344873 15.823317477355756 15.218298344445737 15.147801153838962 
15.810094607009555 15.925461718703762 15.266054468298371 15.41276829634002 15.098977883326194 
15.466745637122145 0.0 15.728106521302339 15.435344706373309 14.767046430231883 
16.08503669681943 15.615313524314082 15.505625499749636 15.3292357417338 15.278050106318647 
15.480032814583948 15.866361317258717 15.833828963134357 14.676287686147877 15.376430667720106 
13.679150177247449 14.825505413590053 13.799787528544284 14.63072216210384 15.355764022547241 
14.948732239819615 14.9583261437712 13.594557879863734 13.217806273561598 15.72072521898574 
15.273249241087298 15.378599675683853 15.893088182814791 15.492291348564095 15.47269083924278 
13.275978964975621 14.584845089120613 13.379107565561151 14.728452010164396 15.34568244818678 
15.556895175404842 15.9409100080597 15.513665919914512 15.685953284813918 15.367517134184709 
14.692996828382709 14.645039165411912 13.529674561764642 15.425838750780102 15.799281621521923 
15.178236895891091 13.860602047970032 13.731000754366594 13.889503963411476 15.431399662729342 
14.734709620225837 14.69266998310698 14.377210530388552 15.057695642154 15.789431756129547 
15.80629787350069 15.393021691790008 15.760564028193082 15.874309008818916 15.700954410082465 
15.80629787350069 15.393021691790008 15.866192254735422 15.918816661915326 16.058795063951244 
13.594557879863734 14.300638553993721 15.723740926024991 15.79576065811745 15.945009389540484 
14.770044400296825 15.124807915212624 14.896616222076874 15.011620378194447 15.79230734978997 
15.359303452650602 15.365980626688666 13.531990578127592 15.057695642154 15.789431756129547 
15.226675599075103 15.293866755224187 14.97924654446865 16.04682559248262 16.04893381543497 
15.52814883662732 15.18862747776939 15.183247674867761 15.47918027921582 15.870461050170753 
15.152047120331877 13.217806273561598 15.411577189459411 13.955014138983588 14.943155804939336 
14.227916724201489 15.23545333389011 14.821026536116241 14.759680167210966 13.520864182988744 
15.432476654021384 15.637049346523643 16.041509433460792 15.103984396343106 15.51520703040875 
14.9511480896493 15.476113304152658 15.796014251902756 15.699707997791712 15.478738025422723 
14.121533517340033 12.899356922923111 14.40886043602476 15.295553719227913 15.846126969961448 
14.898317959543908 15.520864182988745 16.013060912553662 16.054795070737462 15.948640996418204 
15.13823179587311 15.217200417367545 13.671430494185225 13.913076395554812 0.0 
15.379716797493629 14.628844208409905 15.006764361191028 15.388925412856068 15.623967198912393 
14.73788107685778 13.587308728333547 14.670213636738564 12.899356922923111 14.566827043260437 
16.09122875273628 15.21352195732102 14.81398155161468 14.986642026703606 15.358479506670484 
15.826374694036943 15.548852004419887 15.518960445508391 15.713547616912694 15.435344706373309 
15.871712762835223 15.775507403800043 15.711747622866483 15.303780748177104 15.580700213348875 
15.967181218952097 15.806977493617838 15.262572042385703 13.438402022796769 13.946814915494846 
15.799281621521923 14.800899899920307 15.180802724449348 15.157899525738465 14.345335938027581 
15.21352195732102 13.921469060531411 11.739358707433396 13.62890115202819 13.75248518588419 
15.987863529824615 16.099121755127637 16.06366893139894 15.876301101706389 15.725153203912994 
13.913076395554812 14.734709620225837 14.669826239483376 15.36720996357123 15.453913632212153 
15.844705764411938 15.30534928259895 15.773293772908175 15.919934055748618 16.022237756531748 
14.451082294024227 15.629128904028173 14.63225685350416 15.856158013846228 15.362457560124968 
16.091580012227364 15.54511530917018 15.890335535882992 15.906092008228505 14.949507575828004 
16.058795063951244 16.13623016527164 16.06366893139894 15.876301101706389 15.249076406864203 
13.913076395554812 13.840876250058946 14.516377174366388 14.072216362479017 0.0 
15.909705611215573 15.530833034695343 14.711720740266705 14.652508902408181 15.431171106634984 
14.960364008877834 15.277578002415737 14.58619474596552 14.124686773651495 15.03424013666764 
14.969881126244971 15.695010739653238 15.283269257492117 15.748035570481699 15.896616222076874 
15.264002687114218 14.950920352030098 14.124686773651495 14.88817244966593 14.883263779005587 
15.689725038703127 15.580700213348875 15.79230734978997 15.80629787350069 15.393021691790008 
15.625280764813695 14.426461329478043 15.732458946131882 15.799281621521923 14.840581250560751 
15.48658365906727 13.913076395554812 14.841613485008248 13.671430494185225 14.89477040515668 
15.424035033298663 14.977861249676911 15.576631962754835 15.94984950341022 15.327061370499463 
15.338875632131565 15.558151617895346 15.27557892853667 15.758639637024578 14.97924654446865 
15.52909497627065 15.899569346016822 14.107380563045906 15.338736382573916 15.717140881636702 
15.313343648120135 15.344053126304141 15.29558959065626 14.974907474209726 14.227916724201489 
13.984507467348589 14.660441650209172 14.809014435158632 14.700548089599613 14.813530701583474 
15.86300050374118 15.729248976528352 15.238740592597196 15.773164968901119 15.997686699523552 
14.00930377832483 14.874885318430131 15.513480875979045 15.933759800871915 15.265688292748576 
14.668940369222812 15.748952790323699 16.091580012227364 15.555697545334288 15.431791388956226 
