16.715760946729254 16.943190152231587 0.0 0.0 0.0 
0.0 0.0 0.0 16.11180810810183 0.0 
16.794428558923787 17.14635984531628 17.20729082548492 18.081592659688354 17.623788632959887 
17.40342817680567 17.64712109859222 16.76341987419209 16.189843858502652 16.282400709090584 
17.58386139166243 15.549874893718904 16.681128580020996 16.55768805817321 0.0 
16.78352264622854 17.8631396855453 16.67234246418656 16.38786587516876 18.028596777067108 
0.0 0.0 0.0 0.0 0.0 
0.0 14.74866458406179 0.0 14.519021895621952 16.794428558923787 
16.800899899920307 0.0 17.11295867605283 16.29847431874946 0.0 
0.0 0.0 0.0 0.0 16.641967051734184 
16.71224486063031 16.893811067962588 0.0 16.877631630845737 0.0 
16.156043562846587 16.698365545839238 0.0 0.0 16.877631630845737 
16.698365545839238 15.114677726410175 17.22594170476914 17.45940760340544 18.109733750551516 
16.048210126553016 0.0 0.0 16.800899899920307 0.0 
0.0 16.701360616161477 16.054477135429547 16.25840040888107 15.818607140841864 
0.0 0.0 0.0 16.769902395764905 16.77611170090953 
16.69354140601294 17.691436837559365 17.266631006389908 16.134827369633033 16.23961717438093 
16.855123967698525 18.141678094982964 17.324813415557216 17.5049120697367 17.588268115609374 
16.69354140601294 17.13782168783794 17.732836510085132 16.77611170090953 17.093541360138296 
16.698365545839238 16.78463484555752 0.0 0.0 16.701360616161477 
0.0 0.0 0.0 0.0 0.0 
17.804339029014617 17.684056852802275 15.774220822445143 0.0 0.0 
0.0 0.0 0.0 0.0 0.0 
0.0 0.0 0.0 0.0 0.0 
0.0 0.0 0.0 0.0 0.0 
0.0 0.0 0.0 0.0 0.0 
0.0 0.0 0.0 0.0 16.794428558923787 
0.0 0.0 0.0 0.0 0.0 
0.0 0.0 14.838219080502311 0.0 16.788348742566527 
0.0 16.537476261658433 17.27858557565172 17.767932255082183 17.601241227254288 
14.576779563610359 17.00966462567638 15.622766810719257 16.029481356480876 18.02410619251407 
0.0 0.0 16.794428558923787 16.693064911829275 15.216518524890077 
0.0 0.0 0.0 0.0 0.0 
17.093541360138296 17.366142890862807 16.877631630845737 0.0 0.0 
17.140759886542742 17.801689415842507 17.772443453871077 16.238833871298993 16.800899899920307 
16.305652098486657 17.17213447052436 17.772443453871077 16.238833871298993 17.49572232830873 
17.22594170476914 16.825691732069945 17.17213447052436 17.772443453871077 16.238833871298993 
0.0 0.0 0.0 0.0 14.576779563610359 
16.11180810810183 17.84943564548893 16.759068946666456 17.217039444039855 16.943190152231587 
17.342439324768254 17.549491395216005 17.121745972212235 0.0 17.89920938848171 
0.0 0.0 0.0 0.0 0.0 
17.8631396855453 17.362166436969687 18.058446299695937 18.42924735230888 17.870936588185337 
0.0 0.0 0.0 0.0 0.0 
0.0 0.0 0.0 0.0 0.0 
0.0 0.0 0.0 0.0 0.0 
18.092013802969074 15.720698503153015 15.631546551170434 16.059830291412556 15.549874893718904 
0.0 0.0 0.0 0.0 17.088891734132268 
17.486285109209952 14.519021895621952 0.0 0.0 0.0 
17.62793992728674 0.0 0.0 17.112917963645593 17.454347494047806 
15.720698503153015 15.216518524890077 17.486285109209952 17.06470066869257 16.305652098486657 
0.0 0.0 0.0 17.62208042591136 0.0 
0.0 0.0 17.756771303508785 0.0 14.74866458406179 
16.890608662252262 16.69354140601294 17.13782168783794 16.698365545839238 0.0 
0.0 0.0 0.0 0.0 0.0 
0.0 16.681128580020996 16.55768805817321 0.0 0.0 
0.0 0.0 0.0 0.0 0.0 
14.519021895621952 16.11180810810183 0.0 15.927615946034585 16.404143679680782 
0.0 0.0 16.794428558923787 16.305652098486657 17.17213447052436 
0.0 0.0 0.0 16.11180810810183 16.597659777700937 
0.0 0.0 0.0 0.0 16.11180810810183 
16.19115562752052 16.531853549085714 0.0 17.475480126595475 16.55768805817321 
15.114677726410175 0.0 0.0 0.0 16.701360616161477 
15.406670058739003 0.0 0.0 0.0 0.0 
16.412669074984827 15.146528900847525 0.0 17.000506228098416 0.0 
0.0 15.06629945601145 16.681128580020996 16.55768805817321 0.0 
0.0 16.794428558923787 17.14635984531628 16.38786587516876 18.083100112974428 
0.0 0.0 16.19823399349702 16.794428558923787 16.305652098486657 
0.0 0.0 0.0 0.0 0.0 
17.22594170476914 16.825691732069945 16.38786587516876 17.772443453871077 16.63439984617283 
16.794428558923787 16.890608662252262 16.69354140601294 17.13782168783794 16.698365545839238 
17.000506228098416 16.701360616161477 16.97306950311746 16.421456724011698 16.189843858502652 
0.0 0.0 0.0 0.0 0.0 
0.0 0.0 0.0 0.0 0.0 
0.0 0.0 16.537476261658433 18.142655544199776 17.383408987608536 
16.9512960998261 16.87155635813058 16.968239284660584 16.698365545839238 17.554199108306264 
0.0 0.0 0.0 17.756771303508785 0.0 
0.0 0.0 0.0 0.0 0.0 
0.0 0.0 0.0 0.0 0.0 
17.560019300602335 17.698521551368092 15.216518524890077 15.743966572645723 16.476841114964856 
17.692717652655165 0.0 0.0 16.129484271746282 16.238833871298993 
16.698365545839238 0.0 16.701360616161477 16.054477135429547 16.25840040888107 
16.428098411832504 15.759212021495836 0.0 16.794428558923787 16.890608662252262 
17.5575010967834 17.870123864970765 16.996186580685997 14.848574041314285 15.614968595132094 
16.25840040888107 17.386275108193257 16.890608662252262 16.94955317085482 18.140575176208408 
0.0 16.01850447607345 15.114677726410175 17.454347494047806 16.264772447053684 
16.995358641494438 16.658448601798035 17.62208042591136 17.647676242121854 17.670179051926954 
16.634853581827826 14.475290119126635 17.483650479977282 14.519021895621952 0.0 
0.0 0.0 0.0 0.0 0.0 
0.0 17.856802397094555 16.054477135429547 16.25840040888107 15.818607140841864 
0.0 0.0 0.0 0.0 0.0 
16.890608662252262 16.69354140601294 17.691436837559365 17.266631006389908 16.134827369633033 
0.0 15.114677726410175 0.0 0.0 0.0 
17.437378218170657 17.58344274976848 17.53996149894313 17.29850116799603 16.877631630845737 
17.8631396855453 16.890608662252262 16.94955317085482 18.28249120728346 16.877631630845737 
0.0 0.0 0.0 0.0 0.0 
16.238833871298993 0.0 0.0 17.11295867605283 16.29847431874946 
16.698365545839238 16.573765513926926 0.0 16.794428558923787 16.305652098486657 
16.238833871298993 16.800899899920307 0.0 0.0 16.681128580020996 
0.0 15.612436591458732 18.019053135700965 0.0 14.74866458406179 
0.0 0.0 16.129484271746282 16.238833871298993 0.0 
0.0 17.613530501870187 16.837369230026574 16.762291192574356 16.943190152231587 
14.519021895621952 15.927615946034585 16.404143679680782 16.932341646699857 0.0 
16.11180810810183 17.810358247095557 18.08816193306744 18.307049571588788 18.310168971079573 
15.743966572645723 14.519021895621952 0.0 0.0 0.0 
0.0 0.0 0.0 0.0 0.0 
16.788348742566527 18.057219670985695 17.767932255082183 17.601241227254288 17.868828582064552 
0.0 0.0 0.0 0.0 0.0 
16.890608662252262 16.69354140601294 18.037557678046973 16.698365545839238 0.0 
0.0 15.06629945601145 16.048210126553016 0.0 0.0 
0.0 0.0 0.0 0.0 0.0 
17.437378218170657 17.58344274976848 17.53996149894313 17.29850116799603 16.877631630845737 
16.698365545839238 0.0 0.0 0.0 16.681128580020996 
0.0 16.701360616161477 17.59781251580575 17.750000328020352 17.831084527391212 
0.0 0.0 16.794428558923787 16.305652098486657 17.17213447052436 
17.57702307201244 17.013769738407287 18.40403138584606 17.48224862755688 17.995849942735816 
0.0 16.794428558923787 15.720698503153015 15.216518524890077 17.486285109209952 
16.837369230026574 15.697646345726833 17.483650479977282 14.519021895621952 0.0 
16.537476261658433 18.141678094982964 17.324813415557216 17.5049120697367 17.588268115609374 
16.94955317085482 18.058404019510984 16.877631630845737 0.0 0.0 
0.0 0.0 15.350835615302321 0.0 0.0 
0.0 14.519021895621952 0.0 15.406670058739003 0.0 
0.0 0.0 0.0 0.0 0.0 
17.601241227254288 16.943190152231587 16.481137203742154 0.0 0.0 
17.647676242121854 17.140759886542742 17.801689415842507 17.772443453871077 16.238833871298993 
0.0 17.296665318976384 16.55768805817321 0.0 0.0 
0.0 0.0 0.0 0.0 0.0 
16.545703576337733 16.0397972642131 16.555907202377874 17.00159511685385 0.0 
17.910707135060647 16.943190152231587 15.774220822445143 0.0 0.0 
15.927615946034585 16.404143679680782 16.932341646699857 0.0 16.794428558923787 
0.0 0.0 0.0 16.794428558923787 15.720698503153015 
0.0 0.0 0.0 16.701360616161477 15.621164737892274 
17.06470066869257 16.890608662252262 16.69354140601294 17.13782168783794 17.745437986660203 
0.0 0.0 17.83477347266318 17.14635984531628 18.109733750551516 
14.519021895621952 0.0 0.0 16.11180810810183 17.647676242121854 
17.167731741103246 17.29850116799603 17.83477347266318 15.720698503153015 15.216518524890077 
0.0 0.0 0.0 0.0 17.756771303508785 
0.0 0.0 0.0 0.0 0.0 
17.345561179097754 17.772443453871077 16.238833871298993 0.0 16.19823399349702 
0.0 0.0 0.0 0.0 16.769902395764905 
16.794428558923787 17.14635984531628 16.38786587516876 18.083100112974428 17.263956855116497 
17.638471268184027 17.446469485237017 17.51982050900569 16.698365545839238 16.573765513926926 
16.794428558923787 16.305652098486657 17.17213447052436 18.026847597519495 16.238833871298993 
0.0 0.0 0.0 0.0 0.0 
0.0 0.0 0.0 0.0 16.11180810810183 
17.566997940395993 16.877631630845737 0.0 0.0 0.0 
15.927615946034585 16.78352264622854 16.932341646699857 14.519021895621952 0.0 
0.0 0.0 0.0 0.0 0.0 
0.0 0.0 0.0 0.0 16.537476261658433 
15.906444380682784 17.707015296969352 17.22265341825275 16.55768805817321 0.0 
0.0 0.0 0.0 0.0 16.794428558923787 
0.0 0.0 0.0 0.0 0.0 
0.0 15.582494848247523 0.0 0.0 0.0 
17.772443453871077 17.20398837032643 16.705591891984675 0.0 0.0 
16.794428558923787 16.305652098486657 16.38786587516876 17.772443453871077 16.238833871298993 
0.0 0.0 0.0 0.0 0.0 
17.140759886542742 17.801689415842507 17.772443453871077 16.238833871298993 16.800899899920307 
16.305652098486657 17.591485822923044 18.35723411210105 17.728571583188938 17.366142890862807 
16.11180810810183 0.0 15.927615946034585 16.404143679680782 16.932341646699857 
17.13782168783794 16.996186580685997 14.766114757586722 0.0 0.0 
0.0 0.0 0.0 0.0 0.0 
16.449616181333955 16.705591891984675 0.0 0.0 0.0 
0.0 0.0 0.0 0.0 16.794428558923787 
17.000506228098416 16.681128580020996 16.55768805817321 0.0 0.0 
0.0 0.0 0.0 14.576779563610359 15.070959476927566 
0.0 15.864258703269586 14.519021895621952 0.0 0.0 
17.849905949777956 17.33548631249728 17.462486296527224 17.553186782781562 17.4383776549376 
0.0 0.0 0.0 0.0 0.0 
18.083100112974428 17.263956855116497 16.932341646699857 0.0 16.701360616161477 
0.0 0.0 0.0 0.0 0.0 
17.647676242121854 17.670179051926954 18.586216740782625 18.30880117603214 17.76080439670291 
17.015229912067987 17.723180961581388 18.183795280099048 17.305892524656958 17.13782168783794 
18.02964311112272 17.647676242121854 17.48932271832559 17.505067193231888 18.037557678046973 
0.0 0.0 0.0 0.0 15.621164737892274 
17.82551783557068 17.835994861925684 18.15949690000118 17.058699954788285 16.877631630845737 
17.97967080415143 18.058086878622007 18.98367279655428 17.983800810759078 17.09236487139567 
16.601321036579936 14.74866458406179 16.932341646699857 14.519021895621952 16.794428558923787 
18.531457614283436 18.03465390357601 16.995358641494438 16.658448601798035 17.000506228098416 
0.0 0.0 0.0 0.0 16.597659777700937 
17.44258718287163 15.880181376934097 15.906444380682784 17.707015296969352 15.549874893718904 
0.0 0.0 0.0 0.0 0.0 
0.0 0.0 0.0 0.0 0.0 
0.0 0.0 0.0 0.0 16.11180810810183 
0.0 0.0 0.0 0.0 0.0 
0.0 0.0 0.0 15.874116854444512 0.0 
0.0 0.0 0.0 0.0 0.0 
0.0 0.0 0.0 0.0 0.0 
17.74426228969338 17.345561179097754 17.983444569143685 16.89686451717912 17.015229912067987 
0.0 16.78463484555752 0.0 0.0 0.0 
0.0 0.0 0.0 0.0 0.0 
15.06629945601145 0.0 0.0 0.0 0.0 
17.17213447052436 17.772443453871077 16.238833871298993 16.800899899920307 0.0 
15.549874893718904 0.0 0.0 0.0 16.794428558923787 
16.189843858502652 16.282400709090584 15.621164737892274 0.0 0.0 
17.000506228098416 0.0 0.0 16.794428558923787 16.305652098486657 
0.0 0.0 0.0 0.0 0.0 
16.87155635813058 16.968239284660584 17.887845327487753 17.67003378666395 0.0 
16.890608662252262 16.69354140601294 17.13782168783794 16.698365545839238 0.0 
0.0 0.0 0.0 0.0 0.0 
0.0 0.0 0.0 16.701360616161477 16.054477135429547 
16.681128580020996 15.972733035403714 0.0 0.0 0.0 
0.0 16.593070099103517 16.710241425330583 16.75113866257112 16.698365545839238 
0.0 0.0 15.621164737892274 0.0 0.0 
17.969735010626113 18.852907396854068 17.77570672124691 17.019829594141303 18.00914519563958 
17.00966462567638 15.622766810719257 16.029481356480876 16.932341646699857 14.519021895621952 
0.0 0.0 0.0 17.345067335398845 17.22594170476914 
18.081592659688354 17.239216250934607 16.877631630845737 0.0 0.0 
17.202152527420147 17.64425766524255 17.34221359573201 0.0 0.0 
17.31162415956834 17.092127393279384 15.195449108073895 17.651864548199796 17.670331218896916 
17.663238421125104 16.011052499800623 17.20044845870567 16.93086436230373 0.0 
17.263956855116497 16.932341646699857 16.794428558923787 15.720698503153015 17.192889960452916 
16.55768805817321 0.0 0.0 16.698365545839238 0.0 
0.0 0.0 0.0 0.0 16.048210126553016 
17.327105241014284 17.933333348229727 16.591273967530537 17.58386139166243 15.549874893718904 
0.0 17.89920938848171 15.720698503153015 15.216518524890077 17.486285109209952 
0.0 0.0 0.0 0.0 0.0 
17.273349422234617 17.502443362563483 16.55768805817321 16.386704535599407 0.0 
17.31162415956834 17.092127393279384 0.0 0.0 0.0 
0.0 0.0 0.0 0.0 0.0 
14.519021895621952 0.0 0.0 14.576779563610359 15.37907371179806 
16.402395896409228 16.612033362656497 16.147224803209173 17.783823152417195 0.0 
0.0 16.19115562752052 17.619087979672965 15.621164737892274 17.5550608997519 
0.0 0.0 0.0 0.0 0.0 
15.743966572645723 14.519021895621952 0.0 0.0 0.0 
17.39282889040486 16.69354140601294 17.86656658083463 18.59091593426381 17.506191340030387 
0.0 0.0 0.0 16.794428558923787 16.890608662252262 
15.216518524890077 15.743966572645723 14.519021895621952 16.593070099103517 16.795024983961387 
17.970763125448553 18.037557678046973 16.698365545839238 0.0 16.701360616161477 
0.0 0.0 16.681128580020996 16.55768805817321 0.0 
0.0 14.576779563610359 17.00966462567638 15.622766810719257 16.029481356480876 
0.0 0.0 0.0 0.0 17.088891734132268 
18.057219670985695 17.767932255082183 17.601241227254288 17.77898186785834 15.774220822445143 
16.63439984617283 17.44258718287163 15.880181376934097 15.906444380682784 17.707015296969352 
0.0 0.0 16.794428558923787 16.890608662252262 16.94955317085482 
16.01850447607345 0.0 0.0 16.701360616161477 17.179996535205323 
0.0 0.0 0.0 0.0 0.0 
16.794428558923787 15.720698503153015 15.631546551170434 17.58386139166243 17.236574831957228 
0.0 0.0 0.0 0.0 0.0 
0.0 0.0 0.0 16.11180810810183 17.647676242121854 
0.0 16.794428558923787 16.305652098486657 17.17213447052436 17.772443453871077 
0.0 15.406670058739003 0.0 0.0 0.0 
16.698365545839238 0.0 15.114677726410175 0.0 0.0 
17.483650479977282 14.519021895621952 16.794428558923787 16.305652098486657 17.17213447052436 
0.0 16.283775669356018 17.00205682148387 16.681128580020996 15.972733035403714 
0.0 16.71224486063031 16.893811067962588 0.0 17.543522767928053 
17.414602661612598 17.300155906790987 0.0 0.0 0.0 
16.545703576337733 15.99966975551542 16.358891538481615 17.62208042591136 17.84943564548893 
15.774220822445143 0.0 0.0 0.0 0.0 
0.0 0.0 0.0 0.0 0.0 
16.238833871298993 16.800899899920307 0.0 0.0 16.701360616161477 
0.0 0.0 0.0 0.0 16.701360616161477 
16.305652098486657 17.17213447052436 17.772443453871077 18.38349336659538 17.63186623049832 
0.0 0.0 16.800899899920307 0.0 0.0 
16.11180810810183 0.0 15.927615946034585 16.404143679680782 16.932341646699857 
0.0 0.0 0.0 0.0 0.0 
0.0 0.0 0.0 0.0 0.0 
16.163118944604847 16.232589561534557 0.0 16.238833871298993 0.0 
0.0 0.0 0.0 0.0 0.0 
16.78352264622854 16.932341646699857 15.547647675998101 0.0 0.0 
16.134827369633033 16.23961717438093 16.794428558923787 17.14635984531628 16.38786587516876 
0.0 0.0 16.698365545839238 15.114677726410175 16.597659777700937 
17.772443453871077 17.487172720966928 17.179996535205323 17.035486451292154 16.855464676531234 
0.0 0.0 0.0 0.0 0.0 
16.900288991766985 15.406670058739003 17.582568351258125 16.36077851339418 0.0 
16.238833871298993 0.0 0.0 0.0 0.0 
0.0 0.0 16.71224486063031 16.893811067962588 0.0 
0.0 16.794428558923787 16.890608662252262 16.94955317085482 18.55792359503285 
16.800899899920307 0.0 0.0 0.0 0.0 
14.576779563610359 14.848574041314285 15.614968595132094 17.19787897956852 18.65458708391048 
15.45117890845861 17.015229912067987 16.64904561940674 17.554056675806482 17.63529300220259 
0.0 16.794428558923787 17.14635984531628 18.109733750551516 18.454467988072643 
17.271928020764435 15.475258448782077 15.864258703269586 14.519021895621952 0.0 
17.11295867605283 16.29847431874946 0.0 15.774220822445143 16.11180810810183 
0.0 0.0 16.701360616161477 16.054477135429547 16.25840040888107 
0.0 0.0 0.0 0.0 0.0 
0.0 0.0 16.701360616161477 16.054477135429547 17.607987642187855 
0.0 0.0 0.0 16.597659777700937 0.0 
0.0 0.0 0.0 0.0 16.794428558923787 
14.519021895621952 16.0461008450288 15.651247939982394 16.134827369633033 16.23961717438093 
0.0 0.0 0.0 16.537476261658433 18.1458525598301 
0.0 15.774220822445143 0.0 0.0 0.0 
17.17213447052436 17.772443453871077 16.238833871298993 16.800899899920307 16.794428558923787 
17.140759886542742 17.801689415842507 17.772443453871077 16.238833871298993 16.800899899920307 
0.0 0.0 16.698365545839238 0.0 0.0 
14.519021895621952 0.0 0.0 0.0 16.11180810810183 
17.86656658083463 18.015322485197206 17.767932255082183 17.601241227254288 16.943190152231587 
17.17213447052436 17.772443453871077 16.238833871298993 17.7502162880863 16.054477135429547 
17.092127393279384 0.0 0.0 0.0 0.0 
0.0 0.0 0.0 0.0 16.701360616161477 
17.8631396855453 17.144937005244902 16.69354140601294 18.037557678046973 16.698365545839238 
16.794428558923787 16.305652098486657 17.17213447052436 17.772443453871077 16.238833871298993 
17.179996535205323 16.995358641494438 16.658448601798035 17.000506228098416 0.0 
16.305652098486657 17.54192846679177 17.56163103377107 16.238833871298993 0.0 
17.647676242121854 17.670179051926954 18.018547941871653 18.083100112974428 17.485200381955433 
0.0 0.0 0.0 0.0 0.0 
17.77898186785834 15.774220822445143 17.107309039564175 16.890608662252262 16.982202602068963 
0.0 17.756771303508785 0.0 14.74866458406179 16.932341646699857 
0.0 0.0 0.0 0.0 0.0 
0.0 0.0 0.0 0.0 16.11180810810183 
16.93463536245936 16.90160937465449 16.85354105039213 17.268057633701012 17.20461890216638 
15.774220822445143 0.0 0.0 16.11180810810183 17.647676242121854 
0.0 0.0 0.0 0.0 0.0 
0.0 0.0 0.0 0.0 0.0 
0.0 15.927615946034585 16.404143679680782 16.932341646699857 0.0 
16.634853581827826 16.312475296648405 16.943190152231587 15.549874893718904 0.0 
0.0 0.0 0.0 0.0 0.0 
16.590718612651585 17.483650479977282 14.519021895621952 16.794428558923787 16.305652098486657 
0.0 0.0 0.0 0.0 0.0 
17.76080439670291 16.943190152231587 0.0 0.0 0.0 
0.0 0.0 0.0 0.0 0.0 
0.0 16.283775669356018 17.00205682148387 16.681128580020996 15.972733035403714 
0.0 0.0 0.0 0.0 17.058699954788285 
0.0 0.0 0.0 17.000506228098416 0.0 
17.486285109209952 14.519021895621952 0.0 0.0 0.0 
17.87914646002941 16.698365545839238 16.573765513926926 0.0 16.11180810810183 
16.91341537877407 17.653642827044937 15.549874893718904 0.0 0.0 
0.0 15.612436591458732 15.433552841924612 0.0 0.0 
16.800899899920307 0.0 0.0 0.0 0.0 
16.573765513926926 0.0 16.794428558923787 16.890608662252262 16.69354140601294 
17.289721735817587 15.216518524890077 15.743966572645723 14.519021895621952 0.0 
0.0 0.0 0.0 0.0 0.0 
0.0 15.927615946034585 16.404143679680782 16.932341646699857 0.0 
15.818607140841864 0.0 0.0 0.0 16.379006001888587 
0.0 0.0 15.114677726410175 17.454347494047806 16.634853581827826 
0.0 0.0 0.0 0.0 0.0 
0.0 0.0 0.0 0.0 0.0 
0.0 0.0 0.0 0.0 0.0 
14.766114757586722 0.0 0.0 16.7632123668144 0.0 
17.14635984531628 16.38786587516876 18.083100112974428 17.263956855116497 16.932341646699857 
0.0 0.0 0.0 0.0 14.838219080502311 
0.0 0.0 0.0 17.17450636952474 16.710241425330583 
17.772443453871077 16.238833871298993 16.800899899920307 0.0 0.0 
17.17213447052436 17.772443453871077 16.238833871298993 17.436613953944875 0.0 
0.0 0.0 0.0 16.593070099103517 16.795024983961387 
15.774220822445143 0.0 0.0 0.0 17.058699954788285 
0.0 0.0 15.114677726410175 17.454347494047806 16.634853581827826 
16.794428558923787 16.305652098486657 17.17213447052436 17.772443453871077 16.238833871298993 
15.45117890845861 17.015229912067987 17.67510249456843 18.579396969033144 18.03519108612545 
16.698365545839238 16.573765513926926 16.19115562752052 16.531853549085714 0.0 
16.701360616161477 17.96559266400188 17.909008233831056 17.641628437292304 18.471881571062877 
17.623788632959887 16.877631630845737 0.0 0.0 16.794428558923787 
0.0 15.114677726410175 0.0 0.0 0.0 
16.38786587516876 17.772443453871077 16.238833871298993 0.0 0.0 
17.69815525082255 16.573765513926926 16.78463484555752 0.0 0.0 
17.00192492095205 15.216518524890077 17.486285109209952 14.519021895621952 0.0 
17.83477347266318 16.305652098486657 17.17213447052436 17.772443453871077 16.238833871298993 
0.0 0.0 16.11180810810183 17.647676242121854 17.140759886542742 
0.0 0.0 0.0 0.0 0.0 
17.409705828306937 17.44393099452667 17.71980991989858 0.0 0.0 
0.0 16.681128580020996 16.55768805817321 0.0 16.794428558923787 
17.258041489452733 0.0 15.114677726410175 17.454347494047806 17.015229912067987 
0.0 0.0 17.258041489452733 0.0 0.0 
16.794428558923787 16.890608662252262 16.69354140601294 17.691436837559365 17.266631006389908 
0.0 0.0 0.0 0.0 0.0 
0.0 0.0 0.0 0.0 17.000506228098416 
17.00966462567638 15.622766810719257 17.34062381067826 16.932341646699857 15.638379345478658 
18.083100112974428 17.263956855116497 16.932341646699857 0.0 0.0 
0.0 0.0 0.0 0.0 0.0 
0.0 0.0 0.0 0.0 15.114677726410175 
16.78352264622854 16.932341646699857 14.519021895621952 0.0 0.0 
0.0 16.794428558923787 15.720698503153015 15.216518524890077 17.486285109209952 
0.0 0.0 0.0 16.794428558923787 16.305652098486657 
17.00159511685385 14.519021895621952 0.0 0.0 0.0 
17.100898416469363 0.0 0.0 0.0 0.0 
0.0 0.0 0.0 0.0 0.0 
0.0 0.0 0.0 14.576779563610359 17.00966462567638 
0.0 0.0 0.0 0.0 0.0 
16.495480317121622 17.407500138416275 17.18396485018718 16.134827369633033 16.23961717438093 
0.0 0.0 16.794428558923787 16.305652098486657 16.38786587516876 
17.24111731758229 17.000506228098416 0.0 16.794428558923787 17.14635984531628 
15.720698503153015 15.631546551170434 18.240236987845503 16.637006879551926 15.631546551170434 
0.0 0.0 0.0 0.0 0.0 
16.134827369633033 16.928980940602482 0.0 0.0 0.0 
17.19823399349702 14.766114757586722 0.0 0.0 0.0 
16.800899899920307 16.701360616161477 16.831331987947717 16.25840040888107 15.818607140841864 
0.0 17.78368889143024 18.126054073084234 17.896941361765435 17.804339029014617 
0.0 0.0 0.0 0.0 0.0 
0.0 0.0 0.0 0.0 0.0 
0.0 0.0 16.794428558923787 16.890608662252262 16.94955317085482 
16.794428558923787 16.305652098486657 17.17213447052436 17.772443453871077 16.238833871298993 
0.0 0.0 0.0 15.350835615302321 0.0 
16.794428558923787 16.890608662252262 16.69354140601294 17.691436837559365 17.266631006389908 
16.800899899920307 0.0 0.0 0.0 0.0 
0.0 0.0 15.69482035487629 0.0 0.0 
16.597659777700937 15.927615946034585 17.787653911752138 17.909617725068863 16.982202602068963 
0.0 16.19115562752052 17.619087979672965 17.90974662291857 18.12461610304301 
0.0 0.0 0.0 16.701360616161477 17.260322328919685 
17.14635984531628 16.38786587516876 18.083100112974428 17.263956855116497 16.932341646699857 
0.0 0.0 0.0 0.0 16.769902395764905 
0.0 0.0 0.0 0.0 0.0 
14.960771236698694 0.0 0.0 16.536156133580654 15.114677726410175 
0.0 0.0 0.0 0.0 16.769902395764905 
16.19823399349702 16.794428558923787 16.305652098486657 16.38786587516876 17.772443453871077 
0.0 0.0 0.0 0.0 16.701360616161477 
16.69354140601294 17.13782168783794 17.43334908007225 16.130671103949698 15.66380824158207 
0.0 0.0 0.0 0.0 0.0 
17.607987642187855 15.818607140841864 0.0 16.932341646699857 0.0 
17.483650479977282 14.519021895621952 0.0 0.0 0.0 
16.305652098486657 16.38786587516876 17.772443453871077 17.487172720966928 17.179996535205323 
17.327105241014284 17.933333348229727 16.591273967530537 18.026512636098655 15.549874893718904 
0.0 16.537476261658433 17.27858557565172 17.767932255082183 17.601241227254288 
0.0 0.0 0.0 16.794428558923787 16.890608662252262 
14.576779563610359 17.437378218170657 17.58344274976848 17.53996149894313 17.29850116799603 
0.0 0.0 0.0 0.0 0.0 
14.576779563610359 15.070959476927566 15.622766810719257 15.288685870185908 17.8631396855453 
16.282400709090584 0.0 0.0 0.0 15.114677726410175 
16.38786587516876 17.772443453871077 16.782793498733355 17.22594170476914 17.252083285124108 
15.720698503153015 17.26341592755722 18.01190969179983 17.917739187091307 15.818607140841864 
0.0 0.0 0.0 16.701360616161477 0.0 
0.0 0.0 0.0 16.048210126553016 15.406670058739003 
18.037557678046973 16.698365545839238 0.0 0.0 0.0 
0.0 0.0 0.0 0.0 0.0 
0.0 0.0 0.0 16.794428558923787 15.720698503153015 
0.0 16.449616181333955 0.0 0.0 0.0 
0.0 14.74866458406179 16.932341646699857 14.519021895621952 0.0 
17.772443453871077 16.238833871298993 0.0 16.794428558923787 16.890608662252262 
17.483650479977282 14.519021895621952 16.701360616161477 16.054477135429547 16.25840040888107 
17.72033779098175 15.733597961269826 0.0 0.0 0.0 
0.0 0.0 0.0 0.0 0.0 
0.0 0.0 14.576779563610359 17.437378218170657 16.873648370907066 
0.0 0.0 0.0 0.0 17.89920938848171 
15.621164737892274 0.0 14.576779563610359 17.00966462567638 15.622766810719257 
0.0 0.0 0.0 0.0 0.0 
17.446469485237017 17.51982050900569 16.698365545839238 16.573765513926926 0.0 
17.13782168783794 16.698365545839238 0.0 0.0 17.89920938848171 
16.305652098486657 17.17213447052436 17.772443453871077 16.238833871298993 16.800899899920307 
0.0 0.0 0.0 0.0 0.0 
0.0 17.601611215097712 0.0 0.0 0.0 
0.0 0.0 0.0 0.0 0.0 
15.720698503153015 15.216518524890077 17.486285109209952 17.06470066869257 16.305652098486657 
16.94955317085482 18.28249120728346 16.877631630845737 0.0 0.0 
17.286963787314086 0.0 0.0 0.0 0.0 
16.67234246418656 16.38786587516876 17.772443453871077 16.238833871298993 15.06629945601145 
17.058699954788285 16.761953713976144 0.0 15.864258703269586 14.519021895621952 
15.61427848926556 16.698365545839238 0.0 0.0 16.701360616161477 
16.305652098486657 17.17213447052436 17.772443453871077 16.238833871298993 16.800899899920307 
0.0 0.0 0.0 0.0 14.576779563610359 
0.0 0.0 0.0 16.794428558923787 16.305652098486657 
0.0 0.0 0.0 0.0 16.71224486063031 
14.519021895621952 17.247769932522807 17.96559266400188 17.47334902656518 17.09236487139567 
0.0 0.0 0.0 0.0 0.0 
16.877631630845737 0.0 0.0 0.0 0.0 
17.00966462567638 15.622766810719257 17.63313004603274 17.848629052702186 14.519021895621952 
15.743966572645723 14.519021895621952 0.0 0.0 0.0 
0.0 0.0 0.0 0.0 0.0 
18.395877163167896 17.324813415557216 17.5049120697367 18.02964311112272 17.647676242121854 
16.597659777700937 0.0 15.612436591458732 15.433552841924612 0.0 
17.17213447052436 17.772443453871077 17.20398837032643 16.705591891984675 0.0 
17.413123783503025 16.87155635813058 16.968239284660584 16.698365545839238 16.573765513926926 
0.0 0.0 0.0 16.537476261658433 17.27858557565172 
16.943190152231587 15.774220822445143 0.0 0.0 15.114677726410175 
0.0 16.701360616161477 16.29548197369537 16.421456724011698 16.189843858502652 
0.0 0.0 0.0 0.0 0.0 
0.0 0.0 0.0 15.114677726410175 0.0 
14.519021895621952 0.0 0.0 0.0 0.0 
0.0 0.0 0.0 0.0 16.794428558923787 
0.0 0.0 0.0 0.0 0.0 
16.932341646699857 0.0 0.0 0.0 0.0 
16.932341646699857 0.0 16.11180810810183 17.647676242121854 17.140759886542742 
0.0 0.0 0.0 0.0 16.794428558923787 
16.238833871298993 16.11180810810183 0.0 15.927615946034585 16.404143679680782 
16.23961717438093 0.0 0.0 0.0 0.0 
0.0 16.701360616161477 16.054477135429547 17.607987642187855 15.818607140841864 
16.890276153742516 18.14292472511325 16.4816890814525 16.25840040888107 15.818607140841864 
16.238833871298993 0.0 0.0 0.0 0.0 
0.0 0.0 0.0 0.0 0.0 
16.85354105039213 16.85183442566968 16.818369971470595 17.006578107326693 16.698365545839238 
16.048210126553016 0.0 0.0 16.800899899920307 0.0 
0.0 0.0 0.0 0.0 16.537476261658433 
0.0 15.114677726410175 17.454347494047806 16.634853581827826 14.475290119126635 
0.0 0.0 0.0 0.0 0.0 
0.0 0.0 0.0 14.576779563610359 17.437378218170657 
0.0 15.774220822445143 0.0 0.0 17.058699954788285 
18.083100112974428 17.263956855116497 16.932341646699857 0.0 0.0 
14.576779563610359 14.766114757586722 0.0 0.0 16.01850447607345 
0.0 0.0 16.11180810810183 0.0 15.927615946034585 
16.877631630845737 0.0 0.0 0.0 0.0 
0.0 0.0 0.0 0.0 0.0 
17.263956855116497 16.932341646699857 0.0 0.0 0.0 
16.305652098486657 17.17213447052436 17.772443453871077 16.238833871298993 17.701157527418424 
0.0 0.0 0.0 0.0 0.0 
16.19823399349702 16.788348742566527 18.057219670985695 17.767932255082183 17.601241227254288 
0.0 0.0 0.0 0.0 0.0 
16.633662221240325 15.114677726410175 16.570122529676734 15.146528900847525 0.0 
17.140759886542742 17.801689415842507 17.772443453871077 16.238833871298993 16.800899899920307 
0.0 0.0 0.0 0.0 0.0 
15.631546551170434 17.58386139166243 15.549874893718904 0.0 0.0 
0.0 0.0 0.0 0.0 0.0 
16.593070099103517 16.283866081343394 16.495480317121622 0.0 16.573765513926926 
17.76080439670291 16.943190152231587 0.0 0.0 0.0 
0.0 15.927615946034585 16.404143679680782 16.932341646699857 0.0 
17.707015296969352 15.549874893718904 0.0 16.537476261658433 18.1458525598301 
17.772443453871077 16.238833871298993 0.0 0.0 0.0 
14.576779563610359 17.00966462567638 15.622766810719257 16.029481356480876 16.932341646699857 
17.13782168783794 16.698365545839238 0.0 16.701360616161477 16.054477135429547 
0.0 14.74866458406179 0.0 17.06470066869257 15.720698503153015 
16.877631630845737 0.0 0.0 0.0 0.0 
0.0 0.0 0.0 0.0 0.0 
17.073095531289574 0.0 16.794428558923787 16.890608662252262 16.69354140601294 
0.0 0.0 0.0 0.0 0.0 
0.0 17.273349422234617 16.633662221240325 0.0 15.774220822445143 
