11.059344460824425 11.01262453886506 11.04507705193494 11.046441948007311 11.048486873992337 
11.057314877782703 11.046441948007311 11.019590728357882 11.04234337979369 11.051888655905378 
11.04234337979369 11.053925881531105 11.059344460824425 11.059344460824425 11.059344460824425 
11.059344460824425 11.053247125912426 11.059344460824425 11.006326078524935 9.375039431346925 
10.41256984680521 10.77066389291676 10.8193807908646 11.053925881531105 11.056637715113201 
11.059344460824425 11.04234337979369 11.053925881531105 11.059344460824425 11.059344460824425 
11.053925881531105 10.348728154231079 10.244363835120511 10.394462694610318 11.040974598817307 
11.057991722759176 11.059344460824425 11.007027266893969 11.04507705193494 11.04234337979369 
11.050528905530555 10.447083226209653 11.059344460824425 11.059344460824425 11.047123912114026 
11.048486873992337 11.054604317960672 11.04234337979369 11.016111838220512 11.053247125912426 
11.04507705193494 11.059344460824425 10.448116305409464 11.04234337979369 10.394462694610318 
11.050528905530555 11.055960234452295 11.057991722759176 11.049167872372172 11.04234337979369 
10.41256984680521 10.778898476008376 10.563196272216738 11.059344460824425 11.059344460824425 
11.051888655905378 11.056637715113201 10.995060467032719 10.271463027904375 9.276124405274238 
10.922584402713664 10.980853606379736 11.049167872372172 11.059344460824425 11.04780555400759 
10.411510988012072 11.051888655905378 11.053247125912426 10.954923292030319 10.413627929024173 
11.059344460824425 11.016808287686555 11.051888655905378 11.059344460824425 11.049167872372172 
11.019590728357882 11.051888655905378 11.059344460824425 11.059344460824425 11.048486873992337 
11.059344460824425 10.456354415108288 11.014020470314936 11.010528105886484 11.059344460824425 
11.053247125912426 11.059344460824425 10.995060467032719 10.084808387804362 10.817783121774534 
10.945443836377912 11.054604317960672 11.022367813028454 10.89026427702111 10.861086905995395 
11.059344460824425 10.9901039638575 10.935901682267588 10.842350343413809 10.961449694398196 
11.057314877782703 11.007027266893969 10.945443836377912 10.970105890612182 9.434628227636724 
11.054604317960672 11.018200178813226 11.026523442519766 10.863411958941638 11.022367813028454 
10.456354415108288 10.4189067312579 10.355351096424812 9.346513733165635 0.0 
11.054604317960672 11.054604317960672 11.043027283594549 11.0 10.90613899619538 
11.018200178813226 11.00982861736811 10.186114239541643 9.394462694610317 10.400879436282185 
11.053925881531105 10.348728154231079 10.151016538892248 0.0 9.453270634010623 
10.425215903299383 11.008428622070582 11.046441948007311 11.057991722759176 11.013322673425447 
11.027214885159836 10.980139577639157 10.972261848733293 11.059344460824425 11.059344460824425 
10.973697366305352 10.980139577639157 11.059344460824425 11.059344460824425 11.059344460824425 
10.8193807908646 11.056637715113201 11.053925881531105 11.059344460824425 11.059344460824425 
9.436711542137214 10.945443836377912 10.980853606379736 11.019590728357882 11.051888655905378 
11.059344460824425 11.059344460824425 10.933690654952233 10.32755264408124 10.959277505720502 
11.059344460824425 11.059344460824425 11.056637715113201 11.05528243550119 11.04234337979369 
11.053925881531105 11.059344460824425 11.056637715113201 11.05528243550119 11.04234337979369 
11.051208940914766 11.059344460824425 11.059344460824425 11.056637715113201 11.013322673425447 
11.014717929860009 10.936637939002571 11.017504401109415 10.984418458801139 10.450180247164754 
11.04234337979369 11.051888655905378 11.059344460824425 11.059344460824425 11.007027266893969 
11.059344460824425 11.035486451292154 11.059344460824425 10.961449694398196 10.915879378835774 
11.030667136246942 11.057991722759176 11.057991722759176 11.053247125912426 11.00982861736811 
11.04234337979369 11.053925881531105 11.059344460824425 11.059344460824425 11.059344460824425 
11.056637715113201 11.056637715113201 11.015415052386688 11.051888655905378 11.040974598817307 
11.048486873992337 10.936637939002571 10.842350343413809 10.961449694398196 11.039604517953759 
10.422064766172813 11.043027283594549 10.933690654952233 10.959277505720502 11.043027283594549 
11.026523442519766 10.98370619265935 11.059344460824425 11.055960234452295 11.052568050804155 
10.382624026574916 10.959277505720502 11.043027283594549 11.016111838220512 11.040974598817307 
11.027214885159836 11.052568050804155 11.047123912114026 10.396604781181859 10.370687406807217 
11.054604317960672 11.020979938904212 11.039604517953759 11.006326078524935 11.051208940914766 
11.000704269011248 11.059344460824425 11.040289721025717 11.050528905530555 11.053925881531105 
11.04234337979369 11.0 10.90613899619538 10.915879378835774 11.017504401109415 
10.372865060112588 10.4231159101471 10.394462694610318 11.057991722759176 11.059344460824425 
11.057991722759176 11.059344460824425 9.9901039638575 8.422064766172811 0.0 
10.932952892194715 11.048486873992337 11.052568050804155 11.015415052386688 10.892542816648552 
11.007027266893969 10.945443836377912 11.053925881531105 11.020979938904212 10.964340867792417 
11.054604317960672 11.04234337979369 10.394462694610318 10.943247395901555 10.935901682267588 
11.054604317960672 11.043027283594549 11.016111838220512 11.059344460824425 11.057991722759176 
10.938109326219239 10.9901039638575 11.047123912114026 11.018895621121649 11.059344460824425 
10.456354415108288 10.4189067312579 10.355351096424812 10.428360172704291 11.017504401109415 
10.991521846075695 11.04234337979369 11.053247125912426 10.89026427702111 10.861086905995395 
11.010528105886484 11.059344460824425 11.048486873992337 11.054604317960672 11.053925881531105 
11.053925881531105 11.004220466318195 11.054604317960672 11.054604317960672 11.007728114632254 
10.863411958941638 11.022367813028454 11.057991722759176 10.99929538702341 11.007728114632254 
11.059344460824425 11.059344460824425 11.055960234452295 11.047123912114026 10.358651200892886 
10.992938336165814 11.009128789539258 11.057991722759176 11.054604317960672 11.020979938904212 
10.858758099935422 10.859534786382653 11.053925881531105 11.059344460824425 11.059344460824425 
11.057991722759176 11.054604317960672 11.016111838220512 11.043027283594549 11.053925881531105 
10.396604781181859 9.247927513443587 9.162391328756906 10.278449458220482 10.938109326219239 
11.051208940914766 11.059344460824425 11.059344460824425 11.052568050804155 10.938109326219239 
10.924070185585345 11.057991722759176 11.059344460824425 10.698704666770345 9.992938336165814 
10.915879378835774 11.017504401109415 11.059344460824425 11.059344460824425 10.874212934830874 
11.001408194392809 11.011227255423254 10.277287400130357 10.337621901992508 10.970105890612182 
11.00982861736811 10.304921669581674 10.381542951184585 10.31741261376487 10.980139577639157 
10.337621901992508 10.982280604558284 11.057991722759176 11.048486873992337 11.059344460824425 
11.052568050804155 11.059344460824425 11.059344460824425 11.04507705193494 11.04234337979369 
10.918863237274595 10.887982133058454 10.311748315004959 10.394462694610318 11.057991722759176 
11.020979938904212 10.448116305409464 10.94178124227853 10.257387842692653 10.933690654952233 
11.046441948007311 11.019590728357882 11.04234337979369 11.016111838220512 11.040974598817307 
11.053925881531105 11.059344460824425 11.059344460824425 11.04234337979369 11.051888655905378 
10.94104760634058 11.011926066306808 11.057991722759176 11.054604317960672 11.04507705193494 
11.046441948007311 11.019590728357882 11.011227255423254 11.002111776479852 11.059344460824425 
11.059344460824425 11.059344460824425 10.733015321685963 10.854868383260238 11.057991722759176 
11.059344460824425 11.003517912108602 11.004922678569045 11.04780555400759 11.059344460824425 
11.059344460824425 11.054604317960672 11.057991722759176 11.059344460824425 11.059344460824425 
11.057991722759176 11.047123912114026 10.302638923787553 10.148476582178278 11.059344460824425 
11.059344460824425 10.961449694398196 10.915879378835774 11.017504401109415 11.059344460824425 
11.059344460824425 11.057991722759176 10.325305455089683 9.394462694610317 10.456354415108288 
11.018200178813226 11.04507705193494 11.04234337979369 11.016111838220512 11.054604317960672 
10.90613899619538 10.841564347730575 10.910642730469625 11.059344460824425 11.054604317960672 
10.370687406807217 11.056637715113201 10.995060467032719 10.80332391904149 10.93737382019215 
11.057991722759176 11.059344460824425 11.016808287686555 11.051888655905378 11.059344460824425 
11.053925881531105 11.053925881531105 11.004220466318195 11.054604317960672 11.054604317960672 
11.04780555400759 11.059344460824425 11.059344460824425 11.051208940914766 11.047123912114026 
10.972979786066292 11.000704269011248 11.059344460824425 11.059344460824425 11.053247125912426 
10.4231159101471 10.20212382383046 10.973697366305352 11.057314877782703 11.046441948007311 
11.051208940914766 11.051888655905378 11.053247125912426 11.059344460824425 11.059344460824425 
11.04507705193494 10.4189067312579 10.348728154231079 10.861086905995395 11.000704269011248 
11.05528243550119 11.04234337979369 11.016111838220512 11.004220466318195 11.022367813028454 
11.049848549450562 11.059344460824425 11.026523442519766 11.057991722759176 11.059344460824425 
11.011926066306808 11.057991722759176 11.054604317960672 11.04507705193494 11.04234337979369 
10.9901039638575 11.047123912114026 11.059344460824425 11.059344460824425 11.046441948007311 
11.051888655905378 11.059344460824425 11.057991722759176 11.051888655905378 11.053247125912426 
11.056637715113201 11.050528905530555 11.059344460824425 11.059344460824425 11.059344460824425 
11.006326078524935 10.930737337562887 11.003517912108602 11.05528243550119 11.056637715113201 
10.944712061043486 11.020285500844647 11.057991722759176 10.970824901362617 11.043710863347156 
11.013322673425447 11.048486873992337 11.059344460824425 11.059344460824425 11.047123912114026 
11.052568050804155 10.938109326219239 10.9901039638575 11.015415052386688 10.943247395901555 
11.053925881531105 11.059344460824425 11.050528905530555 11.046441948007311 11.019590728357882 
10.330916878114618 11.005624549193877 11.057991722759176 11.056637715113201 10.995060467032719 
11.048486873992337 10.936637939002571 10.842350343413809 10.961449694398196 11.039604517953759 
11.01262453886506 11.059344460824425 11.059344460824425 11.051208940914766 11.015415052386688 
11.015415052386688 11.051888655905378 11.054604317960672 11.04234337979369 10.979425195331475 
10.4189067312579 11.018200178813226 11.056637715113201 11.059344460824425 11.059344460824425 
11.008428622070582 11.055960234452295 11.018895621121649 11.018200178813226 11.059344460824425 
11.059344460824425 11.059344460824425 11.026523442519766 11.057991722759176 11.059344460824425 
10.94178124227853 10.257387842692653 11.018200178813226 11.059344460824425 10.953468962228849 
11.059344460824425 11.057991722759176 11.003517912108602 11.003517912108602 10.41256984680521 
10.4231159101471 10.449148645375438 11.059344460824425 11.059344460824425 11.048486873992337 
11.059344460824425 11.049167872372172 11.003517912108602 11.003517912108602 10.970824901362617 
11.047123912114026 11.004922678569045 11.059344460824425 11.014717929860009 11.014020470314936 
11.04234337979369 11.016111838220512 10.975847968006784 10.97656412341533 11.022367813028454 
11.054604317960672 11.054604317960672 11.043027283594549 11.016111838220512 11.040974598817307 
11.059344460824425 11.047123912114026 10.95274124718649 10.966505451905741 11.054604317960672 
11.051888655905378 11.059344460824425 11.059344460824425 11.056637715113201 11.05528243550119 
11.015415052386688 10.981567281903015 11.053925881531105 11.056637715113201 11.050528905530555 
10.98299357469431 11.018895621121649 11.054604317960672 11.043027283594549 11.016111838220512 
11.016111838220512 11.059344460824425 11.049167872372172 11.053247125912426 11.011227255423254 
11.059344460824425 11.00982861736811 10.800899899920305 10.364134655008051 11.014717929860009 
11.059344460824425 11.057991722759176 11.051888655905378 11.053247125912426 11.057314877782703 
11.015415052386688 11.051888655905378 11.040974598817307 11.05528243550119 11.053925881531105 
10.32755264408124 10.959277505720502 11.043027283594549 11.016111838220512 11.059344460824425 
11.05528243550119 11.057991722759176 11.059344460824425 11.050528905530555 11.043027283594549 
11.057991722759176 11.049167872372172 11.04234337979369 11.053925881531105 11.059344460824425 
11.04507705193494 11.04234337979369 11.016111838220512 11.014717929860009 11.053247125912426 
11.059344460824425 11.051208940914766 11.047123912114026 11.018895621121649 11.059344460824425 
11.052568050804155 11.00982861736811 10.963618617443974 11.022367813028454 11.048486873992337 
10.800899899920305 10.364134655008051 11.014717929860009 10.973697366305352 10.98584193700334 
11.059344460824425 11.052568050804155 11.057991722759176 11.054604317960672 11.016111838220512 
10.901621158346112 9.434628227636724 9.204571144249204 8.894817763307945 10.854868383260238 
11.047123912114026 11.018895621121649 11.059344460824425 11.059344460824425 11.054604317960672 
11.049167872372172 11.059344460824425 11.059344460824425 11.04507705193494 11.056637715113201 
11.04234337979369 11.053925881531105 11.059344460824425 11.056637715113201 11.05528243550119 
11.052568050804155 11.00982861736811 10.899356922923111 10.9901039638575 11.047123912114026 
10.980139577639157 11.015415052386688 11.051888655905378 11.054604317960672 11.04234337979369 
11.059344460824425 10.933690654952233 10.961449694398196 11.039604517953759 10.982280604558284 
11.059344460824425 11.059344460824425 11.04234337979369 11.016111838220512 11.040974598817307 
11.056637715113201 11.057991722759176 11.04234337979369 11.0 10.90613899619538 
10.858758099935422 10.4231159101471 11.016111838220512 11.048486873992337 10.980139577639157 
11.059344460824425 10.989394499844733 10.943979914343739 11.053925881531105 11.020979938904212 
10.364134655008051 11.014717929860009 10.973697366305352 10.98584193700334 11.006326078524935 
10.4231159101471 10.449148645375438 11.040974598817307 11.057991722759176 11.05528243550119 
10.33427328530719 11.059344460824425 11.048486873992337 11.054604317960672 11.04234337979369 
11.057991722759176 11.057991722759176 11.04234337979369 11.016111838220512 11.040974598817307 
11.04234337979369 11.053925881531105 11.059344460824425 11.048486873992337 11.052568050804155 
10.216745858195306 9.259743263690781 10.4189067312579 10.982280604558284 10.9901039638575 
11.059344460824425 11.059344460824425 11.056637715113201 11.05528243550119 11.04234337979369 
11.053925881531105 11.059344460824425 11.055960234452295 11.059344460824425 11.059344460824425 
11.04234337979369 11.051888655905378 11.059344460824425 11.057991722759176 11.051888655905378 
9.9901039638575 10.547858506058418 10.902375114486027 11.057991722759176 11.057314877782703 
10.997179480937621 10.973697366305352 10.980139577639157 11.056637715113201 10.448116305409464 
11.059344460824425 10.960001932068081 10.97513145692134 11.018200178813226 10.972261848733293 
10.9901039638575 11.053925881531105 0.0 10.741466986401146 10.438791852578262 
10.080817527608327 10.303780748177104 11.053925881531105 11.056637715113201 11.050528905530555 
11.054604317960672 11.007027266893969 11.053247125912426 10.993646060016596 11.052568050804155 
11.022367813028454 11.006326078524935 10.930737337562887 11.003517912108602 11.05528243550119 
10.921097088106793 11.059344460824425 11.059344460824425 10.733015321685963 10.854868383260238 
10.90613899619538 11.014020470314936 11.017504401109415 10.954923292030319 10.413627929024173 
11.059344460824425 11.057991722759176 10.270295326472041 10.80574387215162 10.425215903299383 
11.039604517953759 11.018200178813226 11.053925881531105 10.338736382573916 10.973697366305352 
11.051888655905378 11.059344460824425 11.059344460824425 11.059344460824425 11.059344460824425 
11.059344460824425 11.059344460824425 11.059344460824425 11.059344460824425 10.450180247164754 
11.007027266893969 11.017504401109415 11.059344460824425 11.059344460824425 10.971543553950772 
11.018200178813226 11.00982861736811 10.963618617443974 11.057991722759176 11.059344460824425 
11.059344460824425 11.059344460824425 11.059344460824425 11.059344460824425 11.054604317960672 
11.059344460824425 11.059344460824425 11.059344460824425 11.059344460824425 11.059344460824425 
11.057991722759176 11.059344460824425 11.057991722759176 10.99929538702341 11.007728114632254 
11.049167872372172 11.053247125912426 11.059344460824425 11.051888655905378 11.053247125912426 
10.938109326219239 10.9901039638575 10.44604940671655 10.824163209744158 10.240791332161956 
10.9901039638575 11.057991722759176 11.059344460824425 11.043027283594549 11.016111838220512 
11.053247125912426 11.057314877782703 10.329796338220703 9.453270634010623 10.970105890612182 
10.94104760634058 11.009128789539258 11.057991722759176 11.057991722759176 9.366322214245816 
10.277287400130357 10.337621901992508 10.982280604558284 11.054604317960672 11.043027283594549 
11.048486873992337 11.054604317960672 11.04234337979369 11.016111838220512 11.040974598817307 
11.014020470314936 11.010528105886484 11.02167404285837 11.053925881531105 10.348728154231079 
10.428360172704291 11.05528243550119 10.970105890612182 10.384783750093353 10.876516946565001 
11.004922678569045 11.010528105886484 10.938109326219239 10.394462694610318 10.45532722030456 
11.059344460824425 11.059344460824425 11.057314877782703 11.051208940914766 11.059344460824425 
11.053247125912426 11.059344460824425 11.05528243550119 10.413627929024173 10.382624026574916 
11.047123912114026 10.358651200892886 10.820178962415188 0.0 10.456354415108288 
11.053247125912426 11.057991722759176 11.052568050804155 10.973697366305352 9.375039431346925 
11.059344460824425 11.056637715113201 11.05528243550119 11.011227255423254 10.7714894695006 
11.016111838220512 11.040974598817307 11.05528243550119 11.051888655905378 11.050528905530555 
11.03342300153745 11.057991722759176 11.059344460824425 11.040289721025717 11.017504401109415 
10.840777923595054 10.961449694398196 11.040974598817307 11.05528243550119 11.053925881531105 
10.9901039638575 11.047123912114026 11.051888655905378 11.022367813028454 10.41256984680521 
11.059344460824425 11.059344460824425 11.04507705193494 11.059344460824425 10.456354415108288 
11.057991722759176 11.059344460824425 9.9901039638575 9.67595703294175 10.798471801101618 
11.050528905530555 11.053247125912426 11.04234337979369 10.874212934830874 10.938844457466171 
11.04507705193494 11.040289721025717 11.04507705193494 11.011227255423254 11.002111776479852 
11.05528243550119 11.053925881531105 11.001408194392809 11.008428622070582 11.04780555400759 
10.944712061043486 11.00982861736811 11.059344460824425 11.059344460824425 11.050528905530555 
10.963618617443974 11.057991722759176 11.059344460824425 11.010528105886484 11.054604317960672 
11.059344460824425 11.057991722759176 11.059344460824425 11.059344460824425 11.043027283594549 
11.052568050804155 11.059344460824425 11.059344460824425 11.04234337979369 11.016111838220512 
11.04234337979369 11.0 10.90613899619538 10.860311054919482 10.96072599483906 
11.059344460824425 10.425215903299383 9.426264754702098 10.847057346091336 10.113742166049189 
11.059344460824425 11.059344460824425 11.056637715113201 11.056637715113201 10.40832974076739 
11.059344460824425 11.04234337979369 10.94251450533924 10.945443836377912 11.059344460824425 
11.04234337979369 11.030667136246942 11.059344460824425 11.059344460824425 10.353146825498083 
11.057991722759176 10.148476582178278 10.854868383260238 11.057991722759176 11.059344460824425 
11.053925881531105 11.056637715113201 11.050528905530555 10.989394499844733 10.943979914343739 
10.959277505720502 11.055960234452295 10.99929538702341 11.007728114632254 11.016111838220512 
11.059344460824425 11.053925881531105 11.059344460824425 10.970824901362617 10.970824901362617 
10.90613899619538 10.915879378835774 11.000704269011248 11.059344460824425 11.040289721025717 
10.975847968006784 11.018200178813226 11.00982861736811 10.304921669581674 10.381542951184585 
11.059344460824425 11.059344460824425 11.057991722759176 11.056637715113201 11.050528905530555 
11.059344460824425 11.04234337979369 10.427312844134963 11.022367813028454 11.051888655905378 
11.054604317960672 11.04507705193494 11.040289721025717 11.04507705193494 11.04234337979369 
10.993646060016596 11.008428622070582 11.017504401109415 11.04234337979369 11.030667136246942 
11.014717929860009 11.059344460824425 11.050528905530555 11.010528105886484 11.057991722759176 
11.016111838220512 11.040974598817307 11.059344460824425 11.059344460824425 11.059344460824425 
11.052568050804155 11.015415052386688 11.051888655905378 11.054604317960672 11.04234337979369 
11.04234337979369 10.394462694610318 10.943247395901555 10.935901682267588 11.001408194392809 
11.059344460824425 11.059344460824425 11.050528905530555 11.046441948007311 11.059344460824425 
10.973697366305352 10.98584193700334 11.006326078524935 11.004220466318195 11.053925881531105 
11.059344460824425 11.04234337979369 11.016111838220512 11.054604317960672 11.059344460824425 
11.059344460824425 11.050528905530555 11.043027283594549 11.016111838220512 11.054604317960672 
10.151016538892248 9.060695931687555 10.277287400130357 11.053925881531105 11.056637715113201 
11.016111838220512 11.039604517953759 11.018200178813226 11.059344460824425 11.059344460824425 
11.054604317960672 11.04234337979369 10.961449694398196 10.904634621668151 11.010528105886484 
11.048486873992337 11.059344460824425 11.059344460824425 11.047123912114026 11.049848549450562 
10.938109326219239 10.9901039638575 11.057991722759176 11.059344460824425 10.970824901362617 
11.054604317960672 11.04234337979369 11.004220466318195 11.053925881531105 11.059344460824425 
10.9901039638575 10.980139577639157 11.015415052386688 11.051208940914766 11.014717929860009 
11.048486873992337 10.936637939002571 9.194756854422247 10.225207436943501 9.095397022792557 
11.05528243550119 11.053925881531105 11.059344460824425 11.043027283594549 11.004220466318195 
11.048486873992337 11.055960234452295 11.055960234452295 11.00982861736811 10.935901682267588 
11.03823313473178 11.053247125912426 11.011227255423254 11.04234337979369 11.051888655905378 
10.980139577639157 11.047123912114026 11.018895621121649 11.059344460824425 11.056637715113201 
11.04234337979369 10.433585441150495 10.945443836377912 11.057991722759176 11.017504401109415 
11.053925881531105 11.01262453886506 11.053925881531105 11.004220466318195 11.054604317960672 
11.054604317960672 11.054604317960672 11.043027283594549 11.053925881531105 11.059344460824425 
11.057991722759176 11.053925881531105 11.053925881531105 11.01262453886506 11.022367813028454 
11.022367813028454 11.04507705193494 11.059344460824425 10.448116305409464 11.04234337979369 
11.059344460824425 11.053247125912426 11.03823313473178 11.054604317960672 11.054604317960672 
11.053247125912426 11.059344460824425 10.961449694398196 10.915879378835774 11.017504401109415 
10.975847968006784 10.208234358339789 0.0 10.77066389291676 10.8193807908646 
11.00982861736811 10.186114239541643 9.394462694610317 10.290018846932618 10.961449694398196 
11.057314877782703 11.046441948007311 11.019590728357882 11.04234337979369 11.051888655905378 
9.394462694610317 10.290018846932618 10.961449694398196 11.005624549193877 10.97513145692134 
11.000704269011248 11.059344460824425 11.057991722759176 11.059344460824425 11.054604317960672 
11.056637715113201 11.05528243550119 11.027214885159836 11.052568050804155 11.047123912114026 
11.04234337979369 11.051888655905378 11.059344460824425 11.057991722759176 11.051888655905378 
11.019590728357882 11.017504401109415 10.89026427702111 10.804937672051908 10.96072599483906 
11.004220466318195 11.022367813028454 10.934428040626804 10.938109326219239 10.9901039638575 
11.048486873992337 11.059344460824425 11.057314877782703 11.043027283594549 11.057314877782703 
10.960001932068081 10.97513145692134 11.018200178813226 11.047123912114026 10.974414589805528 
11.059344460824425 11.04234337979369 10.394462694610318 11.016808287686555 9.45532722030456 
11.059344460824425 11.049167872372172 11.04234337979369 11.053925881531105 11.059344460824425 
11.020979938904212 10.965784284662087 11.016808287686555 11.054604317960672 11.001408194392809 
11.057314877782703 11.051208940914766 11.014717929860009 11.059344460824425 11.049167872372172 
10.94104760634058 10.858758099935422 9.39231742277876 11.030667136246942 11.052568050804155 
11.059344460824425 11.057314877782703 11.018200178813226 11.059344460824425 11.057314877782703 
11.05528243550119 10.874981347653774 10.938109326219239 10.936637939002571 11.017504401109415 
11.007027266893969 11.057314877782703 11.057991722759176 11.059344460824425 11.013322673425447 
11.052568050804155 11.047123912114026 11.018895621121649 11.059344460824425 11.049167872372172 
11.048486873992337 11.052568050804155 11.047123912114026 10.964340867792417 10.90613899619538 
10.973697366305352 10.980139577639157 11.059344460824425 11.049167872372172 11.056637715113201 
11.051208940914766 11.059344460824425 11.059344460824425 11.047123912114026 11.059344460824425 
11.04507705193494 11.04234337979369 11.053925881531105 11.059344460824425 11.059344460824425 
11.059344460824425 11.057991722759176 11.027214885159836 11.052568050804155 11.015415052386688 
11.059344460824425 11.059344460824425 11.053925881531105 10.348728154231079 10.861086905995395 
10.41256984680521 10.77066389291676 10.8193807908646 11.053247125912426 11.059344460824425 
10.782998208920413 11.001408194392809 11.054604317960672 11.057991722759176 10.270295326472041 
10.9901039638575 11.047123912114026 11.040289721025717 11.049167872372172 11.059344460824425 
11.01262453886506 11.047123912114026 10.971543553950772 10.897845456005511 11.054604317960672 
10.370687406807217 10.970105890612182 10.938109326219239 10.9901039638575 11.047123912114026 
11.050528905530555 11.043027283594549 11.043710863347156 11.059344460824425 11.049167872372172 
11.054604317960672 10.437752072323603 10.992230264965889 11.057991722759176 11.014020470314936 
10.353146825498083 10.975847968006784 10.858758099935422 9.447083226209653 10.226412192788786 
11.059344460824425 11.056637715113201 11.05528243550119 11.006326078524935 11.018200178813226 
11.059344460824425 11.059344460824425 11.056637715113201 11.05528243550119 11.04234337979369 
11.056637715113201 11.044394119358454 11.015415052386688 11.051888655905378 11.054604317960672 
10.962173031109709 11.022367813028454 11.048486873992337 11.054604317960672 11.04234337979369 
11.050528905530555 11.046441948007311 11.059344460824425 11.059344460824425 11.015415052386688 
11.059344460824425 11.056637715113201 11.05528243550119 11.011227255423254 11.002111776479852 
11.006326078524935 10.913637428049103 10.901621158346112 9.434628227636724 9.204571144249204 
10.32755264408124 10.959277505720502 10.970824901362617 10.391243589427443 10.945443836377912 
11.04234337979369 11.053925881531105 11.059344460824425 11.050528905530555 11.046441948007311 
11.04234337979369 11.053925881531105 11.059344460824425 11.056637715113201 11.05528243550119 
11.0 11.059344460824425 11.051888655905378 11.053247125912426 11.03823313473178 
11.057991722759176 11.059344460824425 11.054604317960672 11.020979938904212 10.928518375257891 
11.051888655905378 11.059344460824425 11.059344460824425 11.059344460824425 11.059344460824425 
10.778898476008376 10.113742166049189 10.422064766172813 11.011926066306808 11.018200178813226 
11.047123912114026 11.049848549450562 11.059344460824425 11.057991722759176 11.059344460824425 
10.847057346091336 10.820178962415188 11.057991722759176 11.059344460824425 11.027214885159836 
9.453270634010623 10.394462694610318 11.008428622070582 11.051888655905378 11.04780555400759 
10.980139577639157 11.047123912114026 10.974414589805528 10.370687406807217 11.056637715113201 
11.054604317960672 11.059344460824425 11.054604317960672 11.059344460824425 11.059344460824425 
11.006326078524935 11.053247125912426 11.011227255423254 11.04234337979369 11.051888655905378 
11.050528905530555 11.043027283594549 11.016111838220512 10.98299357469431 11.007027266893969 
10.997179480937621 10.973697366305352 10.980139577639157 11.056637715113201 11.053925881531105 
11.016111838220512 11.059344460824425 11.057991722759176 11.051888655905378 11.053247125912426 
11.059344460824425 11.059344460824425 11.043027283594549 11.016111838220512 11.018895621121649 
11.057991722759176 10.357552004618084 10.921097088106793 10.3409627642517 10.839991070539886 
11.057991722759176 11.054604317960672 11.054604317960672 11.043027283594549 11.053925881531105 
11.057991722759176 11.057314877782703 10.44604940671655 10.945443836377912 11.053247125912426 
11.059344460824425 10.933690654952233 10.367414751246828 9.403012023574997 10.210671343785622 
11.046441948007311 11.055960234452295 10.396604781181859 10.080817527608327 10.162391328756906 
11.057991722759176 11.053925881531105 11.053925881531105 11.01262453886506 11.022367813028454 
10.867278739709663 10.975847968006784 11.018200178813226 11.015415052386688 10.981567281903015 
11.047123912114026 10.964340867792417 10.90613899619538 10.915879378835774 10.943979914343739 
11.011227255423254 10.7714894695006 10.8193807908646 11.056637715113201 11.05528243550119 
11.059344460824425 10.930737337562887 11.048486873992337 11.052568050804155 11.047123912114026 
11.059344460824425 11.046441948007311 10.958552715431011 11.022367813028454 11.04234337979369 
10.454299293619899 11.059344460824425 10.4093909361377 11.057991722759176 10.4241662888181 
11.04234337979369 10.996473488733228 11.056637715113201 10.45532722030456 10.452241240430817 
11.040289721025717 11.04507705193494 11.04234337979369 11.053925881531105 11.059344460824425 
11.057991722759176 11.059344460824425 10.970105890612182 10.938109326219239 10.9901039638575 
11.016111838220512 11.004220466318195 11.022367813028454 10.934428040626804 10.384783750093353 
11.051888655905378 11.059344460824425 11.057991722759176 11.051888655905378 11.053247125912426 
11.054604317960672 11.04234337979369 10.90613899619538 10.842350343413809 11.059344460824425 
10.992230264965889 11.057991722759176 10.318542809702723 10.96072599483906 11.059344460824425 
10.993646060016596 11.008428622070582 10.99859042974533 10.41256984680521 10.005624549193877 
10.44604940671655 9.385862400641463 10.337621901992508 11.004220466318195 11.050528905530555 
11.054604317960672 11.003517912108602 11.003517912108602 10.989394499844733 10.853309555403674 
11.052568050804155 11.057991722759176 11.057991722759176 11.059344460824425 11.017504401109415 
11.053925881531105 11.059344460824425 11.059344460824425 11.057991722759176 10.972979786066292 
10.996473488733228 11.056637715113201 11.056637715113201 10.972261848733293 11.046441948007311 
11.052568050804155 11.015415052386688 10.31628153174622 11.059344460824425 11.059344460824425 
11.056637715113201 11.05528243550119 11.04234337979369 11.051888655905378 11.054604317960672 
11.059344460824425 11.056637715113201 11.057991722759176 10.9901039638575 10.980139577639157 
10.4189067312579 11.018200178813226 11.018200178813226 11.04507705193494 11.059344460824425 
10.91513244895065 10.253847484987404 10.1357092861044 10.108524456778168 11.057991722759176 
10.992230264965889 11.057991722759176 11.056637715113201 11.04234337979369 11.059344460824425 
11.05528243550119 11.053925881531105 11.059344460824425 11.056637715113201 11.05528243550119 
11.04234337979369 11.059344460824425 11.059344460824425 11.056637715113201 11.059344460824425 
11.057991722759176 11.014020470314936 11.010528105886484 11.059344460824425 11.057314877782703 
11.020979938904212 11.049167872372172 11.059344460824425 11.059344460824425 11.050528905530555 
11.059344460824425 10.933690654952233 10.961449694398196 11.040974598817307 11.05528243550119 
11.052568050804155 11.053925881531105 11.004220466318195 11.054604317960672 11.054604317960672 
11.059344460824425 11.054604317960672 11.015415052386688 11.046441948007311 11.043027283594549 
11.04507705193494 11.053247125912426 11.059344460824425 10.995060467032719 10.93737382019215 
11.053925881531105 11.059344460824425 10.953468962228849 10.977279923499918 11.009128789539258 
11.04234337979369 11.053925881531105 11.059344460824425 11.056637715113201 10.995060467032719 
11.053925881531105 10.348728154231079 10.861086905995395 11.017504401109415 11.059344460824425 
11.054604317960672 11.054604317960672 11.043027283594549 10.392317422778762 10.361943773735241 
11.059344460824425 11.059344460824425 11.059344460824425 11.053247125912426 10.89026427702111 
11.051888655905378 11.054604317960672 11.053925881531105 11.020979938904212 11.039604517953759 
11.059344460824425 11.010528105886484 11.04234337979369 11.051208940914766 11.059344460824425 
11.020979938904212 11.057991722759176 11.059344460824425 11.010528105886484 11.04234337979369 
10.277287400130357 11.057991722759176 11.059344460824425 11.016808287686555 11.051888655905378 
11.057314877782703 11.051888655905378 11.054604317960672 11.056637715113201 11.05528243550119 
10.858758099935422 10.4231159101471 11.0 10.312882955284357 10.080817527608327 
11.018200178813226 11.059344460824425 11.059344460824425 11.054604317960672 11.059344460824425 
11.059344460824425 11.057991722759176 10.899356922923111 10.961449694398196 11.039604517953759 
11.020979938904212 11.010528105886484 10.968666793195208 11.054604317960672 11.057991722759176 
11.011926066306808 10.858758099935422 10.4231159101471 10.449148645375438 11.005624549193877 
11.059344460824425 10.867278739709663 10.975847968006784 11.018200178813226 11.00982861736811 
11.05528243550119 11.04234337979369 11.053925881531105 11.059344460824425 11.054604317960672 
10.448116305409464 11.053247125912426 11.011227255423254 11.04234337979369 11.053925881531105 
11.006326078524935 10.913637428049103 10.901621158346112 10.938109326219239 10.9901039638575 
11.054604317960672 11.057991722759176 11.057314877782703 11.051888655905378 11.054604317960672 
10.959277505720502 11.055960234452295 10.99929538702341 10.358651200892886 10.77066389291676 
10.980853606379736 11.019590728357882 11.051888655905378 11.039604517953759 11.018200178813226 
11.016111838220512 11.004220466318195 11.022367813028454 10.934428040626804 10.938109326219239 
11.059344460824425 11.002111776479852 11.053247125912426 11.059344460824425 11.049167872372172 
11.04507705193494 11.04234337979369 11.004220466318195 11.053925881531105 11.059344460824425 
11.055960234452295 11.044394119358454 11.017504401109415 11.04234337979369 11.053925881531105 
11.053925881531105 11.059344460824425 11.043027283594549 11.053925881531105 11.059344460824425 
11.04234337979369 10.847057346091336 10.61378946447258 10.752380646552893 11.057991722759176 
11.059344460824425 11.059344460824425 10.933690654952233 10.961449694398196 11.040974598817307 
10.876516946565001 10.902375114486027 11.057991722759176 11.057314877782703 10.4189067312579 
11.04234337979369 11.051888655905378 11.059344460824425 11.059344460824425 11.04780555400759 
11.050528905530555 11.014020470314936 11.010528105886484 11.059344460824425 11.059344460824425 
10.367414751246828 10.339850002884624 10.935901682267588 11.001408194392809 11.04234337979369 
11.016111838220512 10.422064766172813 11.011926066306808 11.018200178813226 11.053925881531105 
10.98584193700334 11.006326078524935 11.004220466318195 11.053925881531105 11.059344460824425 
10.842350343413809 11.053925881531105 11.059344460824425 11.056637715113201 11.05528243550119 
11.056637715113201 11.047123912114026 11.004922678569045 11.059344460824425 11.014717929860009 
11.05528243550119 11.057991722759176 11.059344460824425 11.016808287686555 11.051888655905378 
11.057991722759176 10.99929538702341 11.007728114632254 11.051208940914766 11.05528243550119 
11.048486873992337 11.052568050804155 11.059344460824425 10.4231159101471 10.20212382383046 
11.017504401109415 11.059344460824425 11.059344460824425 11.057991722759176 11.059344460824425 
11.016111838220512 11.040974598817307 11.059344460824425 11.059344460824425 11.059344460824425 
11.053247125912426 10.89026427702111 10.804937672051908 10.96072599483906 11.014717929860009 
11.000704269011248 11.059344460824425 11.059344460824425 11.057991722759176 9.366322214245816 
10.935901682267588 11.001408194392809 11.04234337979369 9.453270634010623 10.448116305409464 
11.004220466318195 11.006326078524935 11.016111838220512 11.017504401109415 11.04780555400759 
11.017504401109415 11.057991722759176 10.867278739709663 10.975847968006784 11.022367813028454 
11.011227255423254 10.922584402713664 10.980853606379736 11.051888655905378 10.94031359714597 
11.016111838220512 11.043027283594549 11.053925881531105 11.059344460824425 11.048486873992337 
10.938844457466171 11.055960234452295 10.961449694398196 10.860311054919482 10.96072599483906 
11.059344460824425 11.050528905530555 11.043027283594549 11.016111838220512 11.059344460824425 
11.05528243550119 11.017504401109415 11.00982861736811 11.04234337979369 10.961449694398196 
11.059344460824425 11.057991722759176 11.057991722759176 10.32755264408124 10.338736382573916 
11.04234337979369 10.996473488733228 11.056637715113201 11.056637715113201 10.972261848733293 
11.053925881531105 11.059344460824425 11.057314877782703 11.051208940914766 11.014717929860009 
11.059344460824425 11.053925881531105 11.059344460824425 11.043027283594549 11.016111838220512 
11.020285500844647 10.859534786382653 10.956376157249672 11.059344460824425 11.059344460824425 
11.015415052386688 10.892542816648552 11.003517912108602 11.05528243550119 11.057991722759176 
11.053925881531105 11.01262453886506 11.059344460824425 11.059344460824425 11.051208940914766 
11.039604517953759 11.018200178813226 11.00982861736811 10.899356922923111 10.9901039638575 
10.899356922923111 10.9901039638575 11.059344460824425 11.057991722759176 10.972979786066292 
10.839991070539886 10.337621901992508 10.97799536861296 10.94031359714597 11.017504401109415 
11.059344460824425 11.014020470314936 11.010528105886484 11.057991722759176 11.059344460824425 
11.000704269011248 11.059344460824425 11.049167872372172 11.059344460824425 11.057991722759176 
11.015415052386688 11.051888655905378 11.039604517953759 11.018200178813226 11.056637715113201 
11.054604317960672 11.054604317960672 11.043027283594549 11.016111838220512 11.056637715113201 
11.050528905530555 11.046441948007311 11.019590728357882 11.006326078524935 10.350939181546432 
10.94178124227853 10.36850646150769 11.017504401109415 11.050528905530555 11.043027283594549 
10.249113452713727 9.204571144249204 8.894817763307945 10.854868383260238 11.057991722759176 
11.056637715113201 11.059344460824425 10.960001932068081 10.97513145692134 11.018200178813226 
11.057991722759176 11.059344460824425 11.027214885159836 11.054604317960672 11.011227255423254 
11.052568050804155 10.249113452713727 10.30149619498255 10.400879436282185 10.425215903299383 
11.054604317960672 11.054604317960672 11.007728114632254 10.99929538702341 11.059344460824425 
11.01262453886506 10.972261848733293 10.396604781181859 11.056637715113201 11.057314877782703 
10.395534135462302 9.39231742277876 10.9901039638575 11.015415052386688 10.347621368568134 
10.816183681432342 10.113742166049189 11.051888655905378 11.052568050804155 11.059344460824425 
11.055960234452295 11.047123912114026 10.964340867792417 10.90613899619538 10.915879378835774 
11.059344460824425 10.939579214314694 11.007728114632254 11.01262453886506 11.059344460824425 
11.051888655905378 11.054604317960672 11.054604317960672 11.057991722759176 10.29920801838728 
11.059344460824425 11.059344460824425 11.04507705193494 11.056637715113201 11.013322673425447 
10.698704666770345 10.703038388986418 10.342074667999139 10.312882955284357 10.915879378835774 
11.053925881531105 11.059344460824425 11.056637715113201 11.05528243550119 11.04234337979369 
11.04234337979369 10.358651200892886 9.199672344836365 10.394462694610318 10.858758099935422 
11.003517912108602 11.053247125912426 11.011227255423254 11.054604317960672 11.054604317960672 
11.025831668332026 11.020979938904212 11.015415052386688 11.018895621121649 10.967946705812707 
11.000704269011248 11.059344460824425 11.040289721025717 11.050528905530555 11.053925881531105 
11.059344460824425 11.059344460824425 10.938109326219239 10.959277505720502 10.45532722030456 
11.059344460824425 11.020285500844647 11.053925881531105 10.348728154231079 10.804937672051908 
11.053925881531105 11.059344460824425 11.048486873992337 11.052568050804155 11.053925881531105 
11.022367813028454 11.059344460824425 11.022367813028454 11.04234337979369 11.016111838220512 
10.971543553950772 10.918863237274595 10.971543553950772 10.918863237274595 11.017504401109415 
11.053925881531105 11.059344460824425 11.056637715113201 11.05528243550119 11.04234337979369 
10.939579214314694 11.054604317960672 11.007027266893969 11.053247125912426 10.993646060016596 
11.053247125912426 11.057991722759176 11.057991722759176 11.04234337979369 11.053925881531105 
11.014717929860009 10.973697366305352 9.375039431346925 9.259743263690781 10.975847968006784 
10.869593843240784 11.059344460824425 11.050528905530555 11.059344460824425 11.059344460824425 
11.018200178813226 11.00982861736811 10.935901682267588 9.375039431346925 9.259743263690781 
10.321928094887362 10.225207436943501 9.095397022792557 11.006326078524935 11.048486873992337 
11.018200178813226 11.059344460824425 11.059344460824425 11.059344460824425 11.022367813028454 
11.04234337979369 10.394462694610318 10.943247395901555 10.935901682267588 11.001408194392809 
11.057314877782703 11.014020470314936 11.056637715113201 11.015415052386688 11.051208940914766 
11.051888655905378 11.059344460824425 11.059344460824425 11.007027266893969 11.017504401109415 
11.017504401109415 9.346513733165635 11.059344460824425 10.9901039638575 10.980139577639157 
11.059344460824425 11.057991722759176 11.05528243550119 11.017504401109415 11.011227255423254 
11.030667136246942 11.059344460824425 11.059344460824425 11.002111776479852 11.017504401109415 
10.903128676812319 10.959277505720502 10.45532722030456 10.859534786382653 10.956376157249672 
11.00982861736811 10.899356922923111 10.9901039638575 10.44604940671655 11.051888655905378 
11.055960234452295 11.049167872372172 11.053247125912426 11.059344460824425 11.03342300153745 
11.017504401109415 10.89026427702111 10.244363835120511 10.394462694610318 11.040974598817307 
11.05528243550119 11.056637715113201 11.053925881531105 11.053925881531105 11.004220466318195 
10.433585441150495 10.945443836377912 10.437752072323603 10.992230264965889 11.057991722759176 
10.95274124718649 10.896332403909941 10.938109326219239 10.339850002884624 11.04234337979369 
10.839991070539886 10.449148645375438 11.052568050804155 11.015415052386688 11.051888655905378 
11.051888655905378 11.053247125912426 11.057314877782703 11.051888655905378 11.054604317960672 
11.051888655905378 11.053247125912426 11.057314877782703 11.051888655905378 11.059344460824425 
10.9901039638575 11.015415052386688 11.051888655905378 11.040974598817307 11.05528243550119 
10.89026427702111 10.861086905995395 11.017504401109415 11.059344460824425 11.057991722759176 
10.982280604558284 10.9901039638575 10.980139577639157 11.015415052386688 11.051888655905378 
11.016111838220512 11.054604317960672 10.452241240430817 11.059344460824425 11.057991722759176 
11.057991722759176 11.011227255423254 11.002111776479852 11.059344460824425 11.054604317960672 
11.052568050804155 11.015415052386688 10.980853606379736 10.943247395901555 10.935901682267588 
11.016111838220512 11.039604517953759 11.018200178813226 10.972261848733293 10.992230264965889 
10.8193807908646 11.056637715113201 11.059344460824425 10.456354415108288 11.014020470314936 
11.017504401109415 11.056637715113201 11.04234337979369 11.050528905530555 11.056637715113201 
9.451211111832329 8.894817763307945 10.303780748177104 11.054604317960672 11.057991722759176 
10.370687406807217 11.054604317960672 11.057991722759176 11.059344460824425 11.057991722759176 
11.027214885159836 11.052568050804155 11.00982861736811 10.935901682267588 9.375039431346925 
11.057991722759176 11.006326078524935 10.930737337562887 11.003517912108602 11.057991722759176 
10.353146825498083 10.975847968006784 10.858758099935422 9.447083226209653 10.390168956200185 
11.059344460824425 11.057991722759176 10.900112062977458 10.97656412341533 11.057991722759176 
11.053247125912426 11.008428622070582 11.057991722759176 11.057991722759176 10.9901039638575 
11.054604317960672 11.054604317960672 11.043027283594549 11.016111838220512 11.059344460824425 
11.056637715113201 11.05528243550119 11.007027266893969 10.449148645375438 10.43567026093655 
11.057991722759176 11.014020470314936 11.054604317960672 11.04234337979369 11.016111838220512 
11.057991722759176 10.32755264408124 9.276124405274238 9.453270634010623 10.970105890612182 
11.053925881531105 11.059344460824425 11.056637715113201 11.05528243550119 11.04234337979369 
9.434628227636724 10.839991070539886 10.449148645375438 11.040974598817307 11.02167404285837 
11.057991722759176 11.013322673425447 11.048486873992337 11.059344460824425 11.059344460824425 
10.968666793195208 11.055960234452295 11.018200178813226 11.046441948007311 11.019590728357882 
11.059344460824425 11.057991722759176 11.04234337979369 11.059344460824425 10.961449694398196 
11.059344460824425 11.059344460824425 11.056637715113201 11.05528243550119 11.04234337979369 
10.249113452713727 10.30149619498255 10.400879436282185 10.342074667999139 10.312882955284357 
11.059344460824425 11.055960234452295 11.017504401109415 10.867278739709663 10.975847968006784 
10.992230264965889 11.05528243550119 10.935901682267588 10.970824901362617 10.945443836377912 
11.015415052386688 11.030667136246942 11.059344460824425 11.04507705193494 11.056637715113201 
11.059344460824425 10.877284133523196 10.93737382019215 10.370687406807217 11.056637715113201 
11.051888655905378 11.059344460824425 11.057991722759176 11.051888655905378 11.053247125912426 
11.043027283594549 11.016111838220512 11.040974598817307 11.057991722759176 11.014020470314936 
11.052568050804155 10.842350343413809 10.876516946565001 11.014717929860009 10.973697366305352 
11.018895621121649 10.41679752760606 11.059344460824425 11.059344460824425 11.04234337979369 
11.050528905530555 11.043027283594549 11.016111838220512 11.054604317960672 10.452241240430817 
11.022367813028454 11.059344460824425 11.006326078524935 11.018200178813226 11.057991722759176 
11.047123912114026 10.971543553950772 10.897845456005511 11.04234337979369 11.016111838220512 
10.32755264408124 10.959277505720502 11.055960234452295 10.99929538702341 11.007728114632254 
11.054604317960672 11.04507705193494 11.04234337979369 11.053925881531105 11.059344460824425 
10.975847968006784 10.863411958941638 11.057991722759176 11.057991722759176 11.047123912114026 
11.018200178813226 11.059344460824425 11.059344460824425 11.057991722759176 11.057314877782703 
