Iteration: 0
x: [[[ 17 170  15]
  [146  48  33]
  [ 78  26  34]
  [  6   7  47]]

 [[210 124  13]
  [133  97 128]
  [194  79  40]
  [ 43  45 165]]

 [[ 11  85 151]
  [170 230  63]
  [145  87 179]
  [153  16 159]]

 [[ 98 108  27]
  [ 57  18  69]
  [ 57  66 244]
  [ 13  31  90]]]
velocity: [[[0 0 0]
  [0 0 0]
  [0 0 0]
  [0 0 0]]

 [[0 0 0]
  [0 0 0]
  [0 0 0]
  [0 0 0]]

 [[0 0 0]
  [0 0 0]
  [0 0 0]
  [0 0 0]]

 [[0 0 0]
  [0 0 0]
  [0 0 0]
  [0 0 0]]]
local best: [[[ 17 170  15]
  [146  48  33]
  [ 78  26  34]
  [  6   7  47]]

 [[210 124  13]
  [133  97 128]
  [194  79  40]
  [ 43  45 165]]

 [[ 11  85 151]
  [170 230  63]
  [145  87 179]
  [153  16 159]]

 [[ 98 108  27]
  [ 57  18  69]
  [ 57  66 244]
  [ 13  31  90]]]
global_best: [[[ 17 170  15]
  [146  48  33]
  [ 78  26  34]
  [  6   7  47]]

 [[210 124  13]
  [133  97 128]
  [194  79  40]
  [ 43  45 165]]

 [[ 11  85 151]
  [170 230  63]
  [145  87 179]
  [153  16 159]]

 [[ 98 108  27]
  [ 57  18  69]
  [ 57  66 244]
  [ 13  31  90]]]

Iteration: 1
x: [[[ 17 170  15]
  [146  48  33]
  [ 78  26  34]
  [  6   7  47]]

 [[210 124  13]
  [133  97 128]
  [194  79  40]
  [ 43  45 165]]

 [[ 11  85 151]
  [170 230  63]
  [145  87 179]
  [153  16 159]]

 [[ 98 108  27]
  [ 57  18  69]
  [ 57  66 244]
  [ 13  31  90]]]
velocity: [[[0. 0. 0.]
  [0. 0. 0.]
  [0. 0. 0.]
  [0. 0. 0.]]

 [[0. 0. 0.]
  [0. 0. 0.]
  [0. 0. 0.]
  [0. 0. 0.]]

 [[0. 0. 0.]
  [0. 0. 0.]
  [0. 0. 0.]
  [0. 0. 0.]]

 [[0. 0. 0.]
  [0. 0. 0.]
  [0. 0. 0.]
  [0. 0. 0.]]]
local best: [[[ 17 170  15]
  [146  48  33]
  [ 78  26  34]
  [  6   7  47]]

 [[210 124  13]
  [133  97 128]
  [194  79  40]
  [ 43  45 165]]

 [[ 11  85 151]
  [170 230  63]
  [145  87 179]
  [153  16 159]]

 [[ 98 108  27]
  [ 57  18  69]
  [ 57  66 244]
  [ 13  31  90]]]
global_best: [[210 124  13]
 [133  97 128]
 [194  79  40]
 [ 43  45 165]]

Iteration: 2
x: [[[ 232   36   12]
  [ 131  189  159]
  [ 207  179   41]
  [  47  117  203]]

 [[ 210  124   13]
  [ 133   97  128]
  [ 194   79   40]
  [  43   45  165]]

 [[ 233  197  -32]
  [ 128 -155  149]
  [ 199   63   -5]
  [  29  100  166]]

 [[ 223  154    8]
  [ 142  246  147]
  [ 210  103  -27]
  [  46   71  189]]]
velocity: [[[ 215.87368678 -133.25167613   -2.65842415]
  [ -14.54071465  141.94200283  126.27514719]
  [ 129.74791537  153.52910511    7.97527245]
  [  41.38511094  110.07747159  156.84702493]]

 [[   0.            0.            0.        ]
  [   0.            0.            0.        ]
  [   0.            0.            0.        ]
  [   0.            0.            0.        ]]

 [[ 222.58478585  112.97424715 -183.43126644]
  [ -41.38511094 -385.27115055   86.39878492]
  [  54.80730908  -23.17420454 -184.76047852]
  [-123.0368163    84.00649147    7.97527245]]

 [[ 125.27384932   46.34840909  -18.60896906]
  [  85.0072549   228.84526988   78.42351246]
  [ 153.23676212   37.65808238 -271.15926344]
  [  33.55549535   40.55485795   99.69090568]]]
local best: [[[232  36  12]
  [131 189 159]
  [207 179  41]
  [ 47 117 203]]

 [[210 124  13]
  [133  97 128]
  [194  79  40]
  [ 43  45 165]]

 [[ 11  85 151]
  [170 230  63]
  [145  87 179]
  [153  16 159]]

 [[223 154   8]
  [142 246 147]
  [210 103 -27]
  [ 46  71 189]]]
global_best: [[232  36  12]
 [131 189 159]
 [207 179  41]
 [ 47 117 203]]

Iteration: 3
x: [[[ 293   -1   11]
  [ 126  229  194]
  [ 243  222   43]
  [  58  148  247]]

 [[ 255 -124   12]
  [ 128  356  152]
  [ 221  361   40]
  [  51  248  194]]

 [[-329 -511  317]
  [ 240 1688    9]
  [  79  445  347]
  [ 379  -42  183]]

 [[ 277 -165    5]
  [ 143  150  178]
  [ 247  328  -50]
  [  57  212  228]]]
velocity: [[[ 6.13043298e+01 -3.78411321e+01 -7.54945697e-01]
  [-4.12930719e+00  4.03090320e+01  3.58599206e+01]
  [ 3.68461257e+01  4.35995653e+01  2.26483709e+00]
  [ 1.17526435e+01  3.12600657e+01  4.45417961e+01]]

 [[ 4.58097139e+01 -2.48360973e+02 -7.85578671e-01]
  [-4.16451944e+00  2.59650108e+02  2.43529388e+01]
  [ 2.70693764e+01  2.82228378e+02  7.85578671e-01]
  [ 8.32903888e+00  2.03204432e+02  2.98519895e+01]]

 [[-5.62406067e+02 -7.08095030e+02  3.49003777e+02]
  [ 1.12460022e+02  1.84385865e+03 -1.39857346e+02]
  [-1.19448036e+02  3.82044575e+02  3.52200355e+02]
  [ 3.50820619e+02 -1.42507340e+02  1.73109912e+01]]

 [[ 5.43159071e+01 -3.19867353e+02 -2.14230520e+00]
  [ 1.23570818e+00 -9.58821441e+01  3.16978421e+01]
  [ 3.72697658e+01  2.25187800e+02 -2.35851115e+01]
  [ 1.16114302e+01  1.41341920e+02  3.93085650e+01]]]
local best: [[[232  36  12]
  [131 189 159]
  [207 179  41]
  [ 47 117 203]]

 [[210 124  13]
  [133  97 128]
  [194  79  40]
  [ 43  45 165]]

 [[ 11  85 151]
  [170 230  63]
  [145  87 179]
  [153  16 159]]

 [[223 154   8]
  [142 246 147]
  [210 103 -27]
  [ 46  71 189]]]
global_best: [[232  36  12]
 [131 189 159]
 [207 179  41]
 [ 47 117 203]]

Iteration: 4
x: [[[  154   173    15]
  [  137    40    39]
  [  161    19    34]
  [   33     1    52]]

 [[  170   869    14]
  [  137  -681    96]
  [  170  -768    41]
  [   36  -565   127]]

 [[  553  2172  -590]
  [   62 -5170   379]
  [  262 -1052  -567]
  [ -181   411   146]]

 [[  161  1102    25]
  [  132   488    60]
  [  160  -580   161]
  [   33  -360    78]]]
velocity: [[[-1.38043763e+02  1.74483509e+02  4.49541298e+00]
  [ 1.15694080e+01 -1.88801295e+02 -1.54659563e+02]
  [-8.12791701e+01 -2.02885468e+02 -8.77643466e+00]
  [-2.46949848e+01 -1.46315163e+02 -1.94582302e+02]]

 [[-8.41969010e+01  9.93221587e+02  2.86622807e+00]
  [ 9.97100165e+00 -1.03700269e+03 -5.58844402e+01]
  [-5.07952463e+01 -1.12957111e+03  1.84357621e+00]
  [-1.48451799e+01 -8.13090953e+02 -6.65284281e+01]]

 [[ 8.82265487e+02  2.68361828e+03 -9.07964087e+02]
  [-1.77426081e+02 -6.85826203e+03  3.70179031e+02]
  [ 1.83514638e+02 -1.49785949e+03 -9.14855438e+02]
  [-5.60499715e+02  4.53942714e+02 -3.68179155e+01]]

 [[-1.15041640e+02  1.26774630e+03  2.00029786e+01]
  [-1.09337289e+01  3.38209037e+02 -1.17556475e+02]
  [-8.60898854e+01 -9.08903382e+02  2.11820768e+02]
  [-2.39408836e+01 -5.72802160e+02 -1.49832626e+02]]]
local best: [[[154 173  15]
  [137  40  39]
  [161  19  34]
  [ 33   1  52]]

 [[210 124  13]
  [133  97 128]
  [194  79  40]
  [ 43  45 165]]

 [[ 11  85 151]
  [170 230  63]
  [145  87 179]
  [153  16 159]]

 [[223 154   8]
  [142 246 147]
  [210 103 -27]
  [ 46  71 189]]]
global_best: [[154 173  15]
 [137  40  39]
 [161  19  34]
 [ 33   1  52]]

Iteration: 5
x: [[[  114   222    16]
  [  140   -13    -4]
  [  137   -38    31]
  [   25   -40    -3]]

 [[  208 -1281    15]
  [  129  1556    -3]
  [  194  1670    23]
  [   42  1190    -8]]

 [[-1415 -3953  1779]
  [  443 10758  -830]
  [ -197  2251  1799]
  [  956  -810   -66]]

 [[  265 -1697   -20]
  [  164  -535   116]
  [  260  1333  -382]
  [   58   822   152]]]
velocity: [[[-3.92020006e+01  4.95502473e+01  1.27661821e+00]
  [ 3.28550835e+00 -5.36162467e+01 -4.39205955e+01]
  [-2.30818546e+01 -5.76159040e+01 -2.49235307e+00]
  [-7.01294130e+00 -4.15509326e+01 -5.52579510e+01]]

 [[ 3.88468651e+01 -2.15043795e+03  1.57589777e+00]
  [-7.00026174e+00  2.23710294e+03 -9.95434230e+01]
  [ 2.45629711e+01  2.43838918e+03 -1.76876897e+01]
  [ 6.32224319e+00  1.75504804e+03 -1.35597523e+02]]

 [[-1.96847544e+03 -6.12525416e+03  2.36979331e+03]
  [ 3.81767230e+02  1.59289664e+04 -1.20990295e+03]
  [-4.59946809e+02  3.30383628e+03  2.36639824e+03]
  [ 1.13741859e+03 -1.22160797e+03 -2.12464223e+02]]

 [[ 1.04165859e+02 -2.79961871e+03 -4.54009926e+01]
  [ 3.25875167e+01 -1.02339547e+03  5.68559718e+01]
  [ 1.00672697e+02  1.91396187e+03 -5.43670680e+02]
  [ 2.51547253e+01  1.18278476e+03  7.44648509e+01]]]
local best: [[[154 173  15]
  [137  40  39]
  [161  19  34]
  [ 33   1  52]]

 [[210 124  13]
  [133  97 128]
  [194  79  40]
  [ 43  45 165]]

 [[ 11  85 151]
  [170 230  63]
  [145  87 179]
  [153  16 159]]

 [[223 154   8]
  [142 246 147]
  [210 103 -27]
  [ 46  71 189]]]
global_best: [[154 173  15]
 [137  40  39]
 [161  19  34]
 [ 33   1  52]]

Iteration: 6
x: [[[   238     27     12]
  [   130    197    140]
  [   212    188     41]
  [    50    123    182]]

 [[   165   4221     10]
  [   144  -4171    354]
  [   165  -4571     73]
  [    36  -3303    467]]

 [[  3030  11749  -3644]
  [  -412 -30098   2067]
  [   852  -6208  -3605]
  [ -1581   2331    584]]

 [[    77   5451     76]
  [    93   2007    132]
  [    65  -3574    825]
  [    10  -2215    164]]]
velocity: [[[ 1.24904050e+02 -1.94998780e+02 -3.29463704e+00]
  [-9.26972809e+00  2.10911062e+02  1.44785812e+02]
  [ 7.50671967e+01  2.26842183e+02  1.02637381e+01]
  [ 2.52157938e+01  1.63136538e+02  1.85452293e+02]]

 [[-4.26629380e+01  5.50271788e+03 -4.76874584e+00]
  [ 1.59369075e+01 -5.72787973e+03  3.57456886e+02]
  [-2.86743309e+01 -6.24119094e+03  5.08547423e+01]
  [-5.60664035e+00 -4.49354387e+03  4.75642568e+02]]

 [[ 4.44517938e+03  1.57026875e+04 -5.42356903e+03]
  [-8.55685280e+02 -4.08566963e+04  2.89708847e+03]
  [ 1.04978197e+03 -8.45962957e+03 -5.40471712e+03]
  [-2.53756604e+03  3.14109324e+03  6.50281059e+02]]

 [[-1.87797748e+02  7.14869234e+03  9.68510565e+01]
  [-7.09674016e+01  2.54293649e+03  1.62224321e+01]
  [-1.94391162e+02 -4.90793447e+03  1.20789521e+03]
  [-4.77113729e+01 -3.03791194e+03  1.27439981e+01]]]
local best: [[[154 173  15]
  [137  40  39]
  [161  19  34]
  [ 33   1  52]]

 [[210 124  13]
  [133  97 128]
  [194  79  40]
  [ 43  45 165]]

 [[ 11  85 151]
  [170 230  63]
  [145  87 179]
  [153  16 159]]

 [[223 154   8]
  [142 246 147]
  [210 103 -27]
  [ 46  71 189]]]
global_best: [[154 173  15]
 [137  40  39]
 [161  19  34]
 [ 33   1  52]]

Iteration: 7
x: [[[     0    694     29]
  [   150   -520   -451]
  [    67   -584      0]
  [     1   -434   -579]]

 [[   258 -14353     33]
  [   115  15161  -1244]
  [   226  16498   -138]
  [    49  11864  -1651]]

 [[ -5441 -41279  18157]
  [  1217 107894  -9742]
  [ -1142  22352  18103]
  [  3261  -8286  -2236]]

 [[   448 -18690   -300]
  [   228  -6623   -114]
  [   446  12982  -3974]
  [   104   8027   -113]]]
velocity: [[[-2.38311153e+02  6.67590794e+02  1.78597150e+01]
  [ 2.01827025e+01 -7.17542104e+02 -5.91659618e+02]
  [-1.44906844e+02 -7.72439893e+02 -4.09410581e+01]
  [-4.82473606e+01 -5.57795217e+02 -7.61799281e+02]]

 [[ 9.31088370e+01 -1.85744073e+04  2.38360142e+01]
  [-2.83662499e+01  1.93326467e+04 -1.59897764e+03]
  [ 6.19542703e+01  2.10692560e+04 -2.11491582e+02]
  [ 1.38221674e+01  1.51674384e+04 -2.11830248e+03]]

 [[-8.47166088e+03 -5.30284506e+04  2.18010446e+04]
  [ 1.62949394e+03  1.37992677e+05 -1.18092999e+04]
  [-1.99436849e+03  2.85604356e+04  2.17087049e+04]
  [ 4.84220308e+03 -1.06175586e+04 -2.82013216e+03]]

 [[ 3.71461989e+02 -2.41413541e+04 -3.76141352e+02]
  [ 1.35852108e+02 -8.63099054e+03 -2.46742137e+02]
  [ 3.81131844e+02  1.65560039e+04 -4.79980877e+03]
  [ 9.41648025e+01  1.02420807e+04 -2.77805181e+02]]]
local best: [[[154 173  15]
  [137  40  39]
  [161  19  34]
  [ 33   1  52]]

 [[210 124  13]
  [133  97 128]
  [194  79  40]
  [ 43  45 165]]

 [[ 11  85 151]
  [170 230  63]
  [145  87 179]
  [153  16 159]]

 [[223 154   8]
  [142 246 147]
  [210 103 -27]
  [ 46  71 189]]]
global_best: [[154 173  15]
 [137  40  39]
 [161  19  34]
 [ 33   1  52]]

Iteration: 8
x: [[[    525    -387     -17]
  [    105     642    1190]
  [    387     667     113]
  [    110     468    1534]]

 [[    -21   15780     -31]
  [    184  -16203    3270]
  [     49  -17684     452]
  [      8  -12743    4329]]

 [[  13462   44741  -42299]
  [  -2424 -115945   23088]
  [   3283  -23981  -42086]
  [  -7594    8929    5689]]

 [[   -461   20466     738]
  [    -75    7327     660]
  [   -460  -13886    9306]
  [   -120   -8598     772]]]
velocity: [[[ 5.25543968e+02 -1.08163896e+03 -4.66309131e+01]
  [-4.43454926e+01  1.16261239e+03  1.64157561e+03]
  [ 3.20944417e+02  1.25194098e+03  1.13937301e+02]
  [ 1.09565122e+02  9.02981775e+02  2.11397957e+03]]

 [[-2.79097179e+02  3.01338596e+04 -6.48856538e+01]
  [ 6.98989509e+01 -3.13647132e+04  4.51460306e+03]
  [-1.76763243e+02 -3.41829223e+04  5.90684488e+02]
  [-4.07298396e+01 -2.46072458e+04  5.98036293e+03]]

 [[ 1.89037907e+04  8.60207775e+04 -6.04560563e+04]
  [-3.64146959e+03 -2.23839742e+05  3.28302854e+04]
  [ 4.42572811e+03 -4.63335278e+04 -6.01893776e+04]
  [-1.08556720e+04  1.72153101e+04  7.92595326e+03]]

 [[-9.09873142e+02  3.91560840e+04  1.03836562e+03]
  [-3.03470482e+02  1.39506593e+04  7.74670010e+02]
  [-9.06414702e+02 -2.68688806e+04  1.32807193e+04]
  [-2.24684831e+02 -1.66256052e+04  8.85270778e+02]]]
local best: [[[154 173  15]
  [137  40  39]
  [161  19  34]
  [ 33   1  52]]

 [[210 124  13]
  [133  97 128]
  [194  79  40]
  [ 43  45 165]]

 [[ 11  85 151]
  [170 230  63]
  [145  87 179]
  [153  16 159]]

 [[223 154   8]
  [142 246 147]
  [210 103 -27]
  [ 46  71 189]]]
global_best: [[154 173  15]
 [137  40  39]
 [161  19  34]
 [ 33   1  52]]

Iteration: 9
x: [[[ -1240   1109    138]
  [   257   -966  -4428]
  [  -688  -1064   -272]
  [  -256   -779  -5700]]

 [[   970 -26024    186]
  [   -50  27316 -12226]
  [   675  29743  -1569]
  [   155  21400 -16199]]

 [[-50293 -74543 164686]
  [  9860 194411 -89355]
  [-11623  40291 163980]
  [ 29053 -14905 -21496]]

 [[  2662 -33808  -2813]
  [   948 -11767  -2035]
  [  2635  23434 -36146]
  [   644  14514  -2317]]]
velocity: [[[-1.76584103e+03  1.49637850e+03  1.55925086e+02]
  [ 1.52589304e+02 -1.60864934e+03 -5.61856296e+03]
  [-1.07545985e+03 -1.73142993e+03 -3.85275942e+02]
  [-3.66356169e+02 -1.24759671e+03 -7.23423431e+03]]

 [[ 9.91951240e+02 -4.18046724e+04  2.17956180e+02]
  [-2.34752460e+02  4.35194442e+04 -1.54961517e+04]
  [ 6.26863430e+02  4.74272220e+04 -2.02161884e+03]
  [ 1.47458694e+02  3.41435095e+04 -2.05280149e+04]]

 [[-6.37556491e+04 -1.19284034e+05  2.06985875e+05]
  [ 1.22845820e+04  3.10356613e+05 -1.12443368e+05]
  [-1.49067648e+04  6.42728833e+04  2.06066609e+05]
  [ 3.66471465e+04 -2.38348125e+04 -2.71855049e+04]]

 [[ 3.12305251e+03 -5.42743226e+04 -3.55103414e+03]
  [ 1.02314289e+03 -1.90948649e+04 -2.69594860e+03]
  [ 3.09505377e+03  3.73203843e+04 -4.54520437e+04]
  [ 7.64942180e+02  2.31127046e+04 -3.08936496e+03]]]
local best: [[[154 173  15]
  [137  40  39]
  [161  19  34]
  [ 33   1  52]]

 [[210 124  13]
  [133  97 128]
  [194  79  40]
  [ 43  45 165]]

 [[ 11  85 151]
  [170 230  63]
  [145  87 179]
  [153  16 159]]

 [[223 154   8]
  [142 246 147]
  [210 103 -27]
  [ 46  71 189]]]
global_best: [[154 173  15]
 [137  40  39]
 [161  19  34]
 [ 33   1  52]]

Iteration: 10
x: [[[   5974   -3237    -339]
  [   -363    3705   12929]
  [   3706    3964     916]
  [   1239    2842   16650]]

 [[  -3132   95500    -482]
  [    908  -99199   35631]
  [  -1914 -108132    4672]
  [   -454  -77857   47200]]

 [[ 210500  272186 -474865]
  [ -40392 -707690  258054]
  [  49333 -146544 -472734]
  [-120889   54349   62472]]

 [[ -10170  123937    8159]
  [  -3238   43576    6265]
  [ -10064  -85084  104300]
  [  -2490  -52702    7195]]]
velocity: [[[ 7.21467742e+03 -4.34616045e+03 -4.77585928e+02]
  [-6.20897899e+02  4.67109096e+03  1.73570694e+04]
  [ 4.39401965e+03  5.02871824e+03  1.18888897e+03]
  [ 1.49564993e+03  3.62162583e+03  2.23502609e+04]]

 [[-4.10277400e+03  1.21524704e+05 -6.68567538e+02]
  [ 9.58977279e+02 -1.26515170e+05  4.78573931e+04]
  [-2.58914192e+03 -1.37875233e+05  6.24195097e+03]
  [-6.09800907e+02 -9.92574478e+04  6.33995905e+04]]

 [[ 2.60793686e+05  3.46729381e+05 -6.39551712e+05]
  [-5.02527165e+04 -9.02101679e+05  3.47409330e+05]
  [ 6.09563845e+04 -1.86835457e+05 -6.36714488e+05]
  [-1.49942456e+05  6.92545735e+04  8.39683300e+04]]

 [[-1.28325180e+04  1.57745928e+05  1.09729436e+04]
  [-4.18672482e+03  5.53434352e+04  8.30087813e+03]
  [-1.26995195e+04 -1.08518527e+05  1.40446625e+05]
  [-3.13409871e+03 -6.72163213e+04  9.51244865e+03]]]
local best: [[[154 173  15]
  [137  40  39]
  [161  19  34]
  [ 33   1  52]]

 [[210 124  13]
  [133  97 128]
  [194  79  40]
  [ 43  45 165]]

 [[ 11  85 151]
  [170 230  63]
  [145  87 179]
  [153  16 159]]

 [[223 154   8]
  [142 246 147]
  [210 103 -27]
  [ 46  71 189]]]
global_best: [[154 173  15]
 [137  40  39]
 [161  19  34]
 [ 33   1  52]]

Iteration: 11
x: [[[ -24455    8202     929]
  [   2250   -8590  -33286]
  [ -14828   -9270   -2245]
  [  -5066   -6688  -42860]]

 [[  14192 -224374    1296]
  [  -3133  233812  -91858]
  [   9020  254781  -11948]
  [   2117  183405 -121689]]

 [[-889660 -640491 1227948]
  [ 171598 1666876 -666996]
  [-207803  345245 1222519]
  [ 511659 -127954 -161181]]

 [[  43986 -291292  -21049]
  [  14420 -102168  -15909]
  [  43523  200544 -269616]
  [  10734  124210  -18228]]]
velocity: [[[-3.04295489e+04  1.14397391e+04  1.26896806e+03]
  [ 2.61391564e+03 -1.22952249e+04 -4.62155797e+04]
  [-1.85349753e+04 -1.32343431e+04 -3.16195826e+03]
  [-6.30531993e+03 -9.53068768e+03 -5.95101288e+04]]

 [[ 1.73248877e+04 -3.19874906e+05  1.77895403e+03]
  [-4.04111325e+03  3.33011048e+05 -1.27489447e+05]
  [ 1.09341184e+04  3.62913381e+05 -1.66204452e+04]
  [ 2.57176145e+03  2.61262762e+05 -1.68889346e+05]]

 [[-1.10016025e+06 -9.12677137e+05  1.70281349e+06]
  [ 2.11990258e+05  2.37456700e+06 -9.25050522e+05]
  [-2.57136379e+05  4.91789289e+05  1.69525353e+06]
  [ 6.32548603e+05 -1.82303058e+05 -2.23653633e+05]]

 [[ 5.41566211e+04 -4.15229774e+05 -2.92085750e+04]
  [ 1.76587823e+04 -1.45744154e+05 -2.21748527e+04]
  [ 5.35874415e+04  2.85628257e+05 -3.73916881e+05]
  [ 1.32249336e+04  1.76912260e+05 -2.54232607e+04]]]
local best: [[[154 173  15]
  [137  40  39]
  [161  19  34]
  [ 33   1  52]]

 [[210 124  13]
  [133  97 128]
  [194  79  40]
  [ 43  45 165]]

 [[ 11  85 151]
  [170 230  63]
  [145  87 179]
  [153  16 159]]

 [[223 154   8]
  [142 246 147]
  [210 103 -27]
  [ 46  71 189]]]
global_best: [[154 173  15]
 [137  40  39]
 [161  19  34]
 [ 33   1  52]]

Iteration: 12
x: [[[   87008   -14945    -1511]
  [   -7320    16290    55718]
  [   53062    17510     3841]
  [   18029    12596    71749]]

 [[  -49238   422906    -2128]
  [   11667  -440049   153720]
  [  -31015  -479589    20062]
  [   -7294  -345268   203634]]

 [[ 3140262  1206389 -2051403]
  [ -604925 -3138284  1114559]
  [  734102  -649919 -2042267]
  [-1805366   240970   269608]]

 [[ -154357   548970    35197]
  [  -50259   192886    26854]
  [ -152746  -377415   450469]
  [  -37699  -233755    30809]]]
velocity: [[[ 1.11463526e+05 -2.31474417e+04 -2.44070314e+03]
  [-9.57025549e+03  2.48803453e+04  8.90042346e+04]
  [ 6.78906690e+04  2.67801795e+04  6.08634109e+03]
  [ 2.30952265e+04  1.92841971e+04  1.14609382e+05]]

 [[-6.34301862e+04  6.47280495e+05 -3.42403844e+03]
  [ 1.48001062e+04 -6.73861669e+05  2.45578426e+05]
  [-4.00356237e+04 -7.34370437e+05  3.20107635e+04]
  [-9.41163014e+03 -5.28673963e+05  3.25323604e+05]]

 [[ 4.02992289e+06  1.84688024e+06 -3.27935152e+06]
  [-7.76523284e+05 -4.80516030e+06  1.78155576e+06]
  [ 9.41905998e+05 -9.95164748e+05 -3.26478683e+06]
  [-2.31702504e+06  3.68924686e+05  4.30789368e+05]]

 [[-1.98343377e+05  8.40262717e+05  5.62464943e+04]
  [-6.46793072e+04  2.95054608e+05  4.27633977e+04]
  [-1.96269286e+05 -5.77959125e+05  7.20085396e+05]
  [-4.84331321e+04 -3.57965060e+05  4.90375630e+04]]]
local best: [[[154 173  15]
  [137  40  39]
  [161  19  34]
  [ 33   1  52]]

 [[210 124  13]
  [133  97 128]
  [194  79  40]
  [ 43  45 165]]

 [[ 11  85 151]
  [170 230  63]
  [145  87 179]
  [153  16 159]]

 [[223 154   8]
  [142 246 147]
  [210 103 -27]
  [ 46  71 189]]]
global_best: [[154 173  15]
 [137  40  39]
 [161  19  34]
 [ 33   1  52]]

Iteration: 13
x: [[[ -192376    46053     4354]
  [   16666   -49276  -158296]
  [ -117105   -53063   -10791]
  [  -39858   -38222  -203834]]

 [[  109728 -1282846     6105]
  [  -25427  1335746  -436833]
  [   69320  1455665   -56909]
  [   16290  1047919  -578683]]

 [[-6960797 -3660667  5833907]
  [ 1341439  9524717 -3169302]
  [-1626802  1972605  5808015]
  [ 4002277  -731274  -766305]]

 [[  342767 -1665375  -100044]
  [  111858  -584838   -76029]
  [  339188  1145627 -1280981]
  [   83694   709543   -87176]]]
velocity: [[[-2.79384527e+05  6.09985563e+04  5.86512818e+03]
  [ 2.39869377e+04 -6.55660750e+04 -2.14014350e+05]
  [-1.70167273e+05 -7.05733791e+04 -1.46328172e+04]
  [-5.78879456e+04 -5.08187472e+04 -2.75583022e+05]]

 [[ 1.58966623e+05 -1.70575221e+06  8.23356151e+03]
  [-3.70948908e+04  1.77579568e+06 -5.90553242e+05]
  [ 1.00335189e+05  1.93525434e+06 -7.69713098e+04]
  [ 2.35841026e+04  1.39318754e+06 -7.82317310e+05]]

 [[-1.01010596e+07 -4.86705699e+06  7.88531075e+06]
  [ 1.94636414e+06  1.26630019e+07 -4.28386130e+06]
  [-2.36090484e+06  2.62252416e+06  7.85028291e+06]
  [ 5.80764320e+06 -9.72244798e+05 -1.03591333e+06]]

 [[ 4.97124743e+05 -2.21434571e+06 -1.35241551e+05]
  [ 1.62117268e+05 -7.77724651e+05 -1.02883093e+05]
  [ 4.91934227e+05  1.52304232e+06 -1.73145092e+06]
  [ 1.21393201e+05  9.43298059e+05 -1.17985057e+05]]]
local best: [[[154 173  15]
  [137  40  39]
  [161  19  34]
  [ 33   1  52]]

 [[210 124  13]
  [133  97 128]
  [194  79  40]
  [ 43  45 165]]

 [[ 11  85 151]
  [170 230  63]
  [145  87 179]
  [153  16 159]]

 [[223 154   8]
  [142 246 147]
  [210 103 -27]
  [ 46  71 189]]]
global_best: [[154 173  15]
 [137  40  39]
 [161  19  34]
 [ 33   1  52]]

Iteration: 14
x: [[[   121120    -58756    -13581]
  [   -10247     63383    496211]
  [    73839     68199     33955]
  [    25096     49095    638967]]

 [[   -68645   1648091    -19073]
  [    16195  -1715545   1369246]
  [   -43264  -1869619    178488]
  [   -10173  -1345948   1813863]]

 [[  4373624   4702218 -18281318]
  [  -842580 -12233648   9931825]
  [  1022373  -2533589 -18200083]
  [ -2514491    939287   2401800]]

 [[  -215054   2139446    313554]
  [   -70053    751430    238637]
  [  -212810  -1471377   4014212]
  [   -52520   -911307    273682]]]
velocity: [[[ 3.13496968e+05 -1.04809650e+05 -1.79359989e+04]
  [-2.69138215e+04  1.12659158e+05  6.54507878e+05]
  [ 1.90944454e+05  1.21262231e+05  4.47468731e+04]
  [ 6.49542408e+04  8.73176686e+04  8.42801776e+05]]

 [[-1.78373588e+05  2.93093724e+06 -2.51781196e+04]
  [ 4.16222958e+04 -3.05129116e+06  1.80607917e+06]
  [-1.12584702e+05 -3.32528422e+06  2.35397121e+05]
  [-2.64630651e+04 -2.39386782e+06  2.39254696e+06]]

 [[ 1.13344214e+07  8.36288583e+06 -2.41152257e+07]
  [-2.18401924e+06 -2.17583654e+07  1.31011274e+07]
  [ 2.64917554e+06 -4.50619423e+06 -2.40080988e+07]
  [-6.51676834e+06  1.67056107e+06  3.16810592e+06]]

 [[-5.57821035e+05  3.80482194e+06  4.13598218e+05]
  [-1.81911440e+05  1.33626820e+06  3.14666388e+05]
  [-5.51998528e+05 -2.61700477e+06  5.29519332e+06]
  [-1.36214740e+05 -1.62085076e+06  3.60858761e+05]]]
local best: [[[154 173  15]
  [137  40  39]
  [161  19  34]
  [ 33   1  52]]

 [[210 124  13]
  [133  97 128]
  [194  79  40]
  [ 43  45 165]]

 [[ 11  85 151]
  [170 230  63]
  [145  87 179]
  [153  16 159]]

 [[223 154   8]
  [142 246 147]
  [210 103 -27]
  [ 46  71 189]]]
global_best: [[154 173  15]
 [137  40  39]
 [161  19  34]
 [ 33   1  52]]

Iteration: 15
x: [[[  -252836    121960     37157]
  [    21853   -130870  -1355445]
  [  -153930   -140887    -92633]
  [   -52384   -101460  -1745389]]

 [[   144094  -3405644     52157]
  [   -33450   3545717  -3740323]
  [    91011   3864081   -487471]
  [    21387   2781733  -4954875]]

 [[ -9146768  -9717647  49942738]
  [  1762648  25283611 -27132411]
  [ -2137734   5236315  49720900]
  [  5259086  -1941189  -6561061]]

 [[   450310  -4421075   -856549]
  [   146938  -1552519   -651597]
  [   445619   3041076 -10966341]
  [   109955   1883506   -747237]]]
velocity: [[[-3.73956622e+05  1.80716717e+05  5.07383194e+04]
  [ 3.21005820e+04 -1.94253387e+05 -1.85165625e+06]
  [-2.27769689e+05 -2.09086915e+05 -1.26588896e+05]
  [-7.74800527e+04 -1.50555778e+05 -2.38435669e+06]]

 [[ 2.12739039e+05 -5.05373584e+06  7.12307050e+04]
  [-4.96454886e+04  5.26126257e+06 -5.10956917e+06]
  [ 1.34275591e+05  5.73370052e+06 -6.65959332e+05]
  [ 3.15604005e+04  4.12768152e+06 -6.76873835e+06]]

 [[-1.35203930e+07 -1.44198653e+07  6.82240568e+07]
  [ 2.60522807e+06  3.75172597e+07 -3.70642367e+07]
  [-3.16010726e+06  7.76990494e+06  6.79209835e+07]
  [ 7.77357739e+06 -2.88047667e+06 -8.96286166e+06]]

 [[ 6.65364222e+05 -6.56052161e+06 -1.17010327e+06]
  [ 2.16991508e+05 -2.30394986e+06 -8.90234205e+05]
  [ 6.58429662e+05  4.51245331e+06 -1.49805534e+07]
  [ 1.62475332e+05  2.79481336e+06 -1.02091955e+06]]]
local best: [[[154 173  15]
  [137  40  39]
  [161  19  34]
  [ 33   1  52]]

 [[210 124  13]
  [133  97 128]
  [194  79  40]
  [ 43  45 165]]

 [[ 11  85 151]
  [170 230  63]
  [145  87 179]
  [153  16 159]]

 [[223 154   8]
  [142 246 147]
  [210 103 -27]
  [ 46  71 189]]]
global_best: [[154 173  15]
 [137  40  39]
 [161  19  34]
 [ 33   1  52]]

Iteration: 16
x: [[[    695760    -248147     -78368]
  [    -59571     266961    2860639]
  [    423840     287322     195597]
  [    144155     206876    3683614]]

 [[   -395538    6944478    -110027]
  [     92480   -7229425    7893807]
  [   -249589   -7878621    1028869]
  [    -58666   -5671818   10457065]]

 [[  25149804   19814431 -105398424]
  [  -4845915  -51552230   57260147]
  [   5878371  -10676558 -104930186]
  [ -14459790    3958053   13846735]]

 [[  -1237474    9014952    1807688]
  [   -403491    3165928    1375419]
  [  -1224577   -6200505   23143271]
  [   -302184   -3840324    1577343]]]
velocity: [[[ 9.48596259e+05 -3.70107028e+05 -1.15525968e+05]
  [-8.14247032e+04  3.97831756e+05  4.21608472e+06]
  [ 5.77770334e+05  4.28209097e+05  2.88230192e+05]
  [ 1.96539673e+05  3.08336838e+05  5.42900319e+06]]

 [[-5.39632598e+05  1.03501222e+07 -1.62184930e+05]
  [ 1.25930154e+05 -1.07751428e+07  1.16341303e+07]
  [-3.40600553e+05 -1.17427024e+07  1.51634054e+06]
  [-8.00539003e+04 -8.45355135e+06  1.54119405e+07]]

 [[ 3.42965727e+07  2.95320780e+07 -1.55341163e+08]
  [-6.60856396e+06 -7.68358415e+07  8.43925589e+07]
  [ 8.01610510e+06 -1.59128738e+07 -1.54651087e+08]
  [-1.97188763e+07  5.89924253e+06  2.04077968e+07]]

 [[-1.68778460e+06  1.34360278e+07  2.66423734e+06]
  [-5.50429431e+05  4.71844776e+06  2.02701620e+06]
  [-1.67019631e+06 -9.24158190e+06  3.41096127e+07]
  [-4.12139205e+05 -5.72383073e+06  2.32458091e+06]]]
local best: [[[154 173  15]
  [137  40  39]
  [161  19  34]
  [ 33   1  52]]

 [[210 124  13]
  [133  97 128]
  [194  79  40]
  [ 43  45 165]]

 [[ 11  85 151]
  [170 230  63]
  [145  87 179]
  [153  16 159]]

 [[223 154   8]
  [142 246 147]
  [210 103 -27]
  [ 46  71 189]]]
global_best: [[154 173  15]
 [137  40  39]
 [161  19  34]
 [ 33   1  52]]

Iteration: 17
x: [[[  -2091195     683675     248525]
  [    179649    -734661   -9069409]
  [  -1273635    -790784    -619992]
  [   -433271    -569423  -11678573]]

 [[   1189929  -19114176     348895]
  [   -277502   19899312  -25026758]
  [    751109   21686155   -3261846]
  [    176533   15611814  -33153395]]

 [[ -75612944  -54538884  334162931]
  [  14569934  141898387 -181541414]
  [ -17672797   29387511  332678492]
  [  43473961  -10894525  -43900255]]

 [[   3721250  -24813100   -5731172]
  [   1213661   -8713620   -4360365]
  [   3682460   17067185  -73375033]
  [    908681   10570675   -5000452]]]
velocity: [[[-2.78695537e+06  9.31822165e+05  3.26893582e+05]
  [ 2.39220658e+05 -1.00162224e+06 -1.19300483e+07]
  [-1.69747588e+06 -1.07810606e+06 -8.15589640e+05]
  [-5.77426611e+05 -7.76299218e+05 -1.53621875e+07]]

 [[ 1.58546755e+06 -2.60586547e+07  4.58922864e+05]
  [-3.69982199e+05  2.71287370e+07 -3.29205659e+07]
  [ 1.00069867e+06  2.95647769e+07 -4.29071508e+06]
  [ 2.35199823e+05  2.12836323e+07 -4.36104603e+07]]

 [[-1.00762748e+08 -7.43533152e+07  4.39561356e+08]
  [ 1.94158490e+07  1.93450617e+08 -2.38801562e+08]
  [-2.35511683e+07  4.00640694e+07  4.37608678e+08]
  [ 5.79337516e+07 -1.48525788e+07 -5.77469908e+07]]

 [[ 4.95872465e+06 -3.38280524e+07 -7.53886001e+06]
  [ 1.61715213e+06 -1.18795482e+07 -5.73578476e+06]
  [ 4.90703717e+06  2.32676908e+07 -9.65183042e+07]
  [ 1.21086502e+06  1.44109990e+07 -6.57779541e+06]]]
local best: [[[154 173  15]
  [137  40  39]
  [161  19  34]
  [ 33   1  52]]

 [[210 124  13]
  [133  97 128]
  [194  79  40]
  [ 43  45 165]]

 [[ 11  85 151]
  [170 230  63]
  [145  87 179]
  [153  16 159]]

 [[223 154   8]
  [142 246 147]
  [210 103 -27]
  [ 46  71 189]]]
global_best: [[154 173  15]
 [137  40  39]
 [161  19  34]
 [ 33   1  52]]

Iteration: 18
x: [[[    9796429    -1733302     -779601]
  [    -840730     1863364    28452380]
  [    5966862     2005627     1945156]
  [    2029710     1444155    36637807]]

 [[   -5572835    48477285    -1094482]
  [    1300640   -50467757    78513361]
  [   -3517337   -54999559    10233096]
  [    -826700   -39594102   104008050]]

 [[  354185882   138320211 -1048323426]
  [  -68247471  -359877614   569525303]
  [   82783607   -74531474 -1043666402]
  [ -203639785    27630362   137722695]]

 [[  -17429989    62930754    17979672]
  [   -5684226    22099641    13679544]
  [  -17248301   -43285043   230189499]
  [   -4256213   -26808892    15687711]]]
velocity: [[[ 1.18876242e+07 -2.41697729e+06 -1.02812624e+06]
  [-1.02037998e+06  2.59802545e+06  3.75217890e+07]
  [ 7.24049770e+06  2.79641160e+06  2.56514868e+06]
  [ 2.46298186e+06  2.01357835e+06  4.83163808e+07]]

 [[-6.76276417e+06  6.75914618e+07 -1.44337704e+06]
  [ 1.57814248e+06 -7.03670692e+07  1.03540120e+08]
  [-4.26844669e+06 -7.66857144e+07  1.34949422e+07]
  [-1.00323371e+06 -5.52059163e+07  1.37161445e+08]]

 [[ 4.29798826e+08  1.92859095e+08 -1.38248636e+09]
  [-8.28174055e+07 -5.01776002e+08  7.51066717e+08]
  [ 1.00456404e+08 -1.03918985e+08 -1.37634489e+09]
  [-2.47113747e+08  3.85248873e+07  1.81622951e+08]]

 [[-2.11512397e+07  8.77438541e+07  2.37108443e+07]
  [-6.89788780e+06  3.08132615e+07  1.80399095e+07]
  [-2.09307613e+07 -6.03522289e+07  3.03564532e+08]
  [-5.16489450e+06 -3.73795678e+07  2.06881631e+07]]]
local best: [[[154 173  15]
  [137  40  39]
  [161  19  34]
  [ 33   1  52]]

 [[210 124  13]
  [133  97 128]
  [194  79  40]
  [ 43  45 165]]

 [[ 11  85 151]
  [170 230  63]
  [145  87 179]
  [153  16 159]]

 [[223 154   8]
  [142 246 147]
  [210 103 -27]
  [ 46  71 189]]]
global_best: [[154 173  15]
 [137  40  39]
 [161  19  34]
 [ 33   1  52]]

Iteration: 19
x: [[[  -50022567     5611156     1750919]
  [    4293856    -6031243   -63899806]
  [  -30467605    -6491815    -4368428]
  [  -10364106    -4674496   -82283050]]

 [[   28457683  -156912629     2458094]
  [   -6640634   163356388  -176329440]
  [   17961664   178025028   -22981937]
  [    4221610   128159904  -233586759]]

 [[-1808578976  -447719990  2354383089]
  [  348493020  1164867221 -1279071363]
  [ -422717023   241246751  2343924158]
  [ 1039846467   -89435066  -309304985]]

 [[   89003912  -203696163   -40379703]
  [   29026216   -71532503   -30722037]
  [   88076139   140107040  -516972298]
  [   21733743    86776254   -35232018]]]
velocity: [[[-5.98189968e+07  7.34445835e+06  2.53052074e+06]
  [ 5.13458606e+06 -7.89460788e+06 -9.23521866e+07]
  [-3.64344678e+07 -8.49744256e+06 -6.31358460e+06]
  [-1.23938169e+07 -6.11865115e+06 -1.18920857e+08]]

 [[ 3.40305182e+07 -2.05389915e+08  3.55257691e+06]
  [-7.94127410e+06  2.13824145e+08 -2.54842801e+08]
  [ 2.14790013e+07  2.33024587e+08 -3.32150338e+07]
  [ 5.04831075e+06  1.67754007e+08 -3.37594810e+08]]

 [[-2.16276486e+09 -5.86040202e+08  3.40270652e+09]
  [ 4.16740491e+08  1.52474484e+09 -1.84859667e+09]
  [-5.05500630e+08  3.15778225e+08  3.38759056e+09]
  [ 1.24348625e+09 -1.17065428e+08 -4.47027681e+08]]

 [[ 1.06433901e+08 -2.66626917e+08 -5.83593753e+07]
  [ 3.47104427e+07 -9.36321449e+07 -4.44015819e+07]
  [ 1.05324441e+08  1.83392083e+08 -7.47161798e+08]
  [ 2.59899564e+07  1.13585146e+08 -5.09197291e+07]]]
local best: [[[154 173  15]
  [137  40  39]
  [161  19  34]
  [ 33   1  52]]

 [[210 124  13]
  [133  97 128]
  [194  79  40]
  [ 43  45 165]]

 [[ 11  85 151]
  [170 230  63]
  [145  87 179]
  [153  16 159]]

 [[223 154   8]
  [142 246 147]
  [210 103 -27]
  [ 46  71 189]]]
global_best: [[154 173  15]
 [137  40  39]
 [161  19  34]
 [ 33   1  52]]

Iteration: 20
x: [[[  150572897    -3369730    -6594889]
  [  -12924330     3622371   240683358]
  [   91710787     3898952    16454157]
  [   31196992     2807459   309925219]]

 [[  -85659392    94240493    -9258519]
  [   19989428   -98110209   664157798]
  [  -54065471  -106920088    86563279]
  [  -12707264   -76971602   879821690]]

 [[ 5443980487   268896622 -8867951301]
  [-1048993713  -699608070  4817713687]
  [ 1272415644  -144890452 -8828556880]
  [-3130028025    53713861  1165019770]]

 [[ -267908789   122338254   152093083]
  [  -87370878    42961900   115717183]
  [ -265116116   -84146892  1947213020]
  [  -65420303   -52116963   132704478]]]
velocity: [[[ 2.00595464e+08 -8.98088611e+06 -8.34580838e+06]
  [-1.72181868e+07  9.65361410e+06  3.04583165e+08]
  [ 1.22178393e+08  1.03907678e+07  2.08225852e+07]
  [ 4.15610990e+07  7.48195555e+06  3.92208270e+08]]

 [[-1.14117075e+08  2.51153122e+08 -1.17166131e+07]
  [ 2.66300630e+07 -2.61466598e+08  8.40487239e+08]
  [-7.20271356e+07 -2.84945116e+08  1.09545216e+08]
  [-1.69288744e+07 -2.05131507e+08  1.11340845e+09]]

 [[ 7.25255946e+09  7.16616613e+08 -1.12223344e+10]
  [-1.39748673e+09 -1.86447529e+09  6.09678505e+09]
  [ 1.69513267e+09 -3.86137204e+08 -1.11724810e+10]
  [-4.16987449e+09  1.43148928e+08  1.47432476e+09]]

 [[-3.56912701e+08  3.26034417e+08  1.92472787e+08]
  [-1.16397094e+08  1.14494404e+08  1.46439220e+08]
  [-3.53192255e+08 -2.24253933e+08  2.46418532e+09]
  [-8.71540469e+07 -1.38893217e+08  1.67936497e+08]]]
local best: [[[154 173  15]
  [137  40  39]
  [161  19  34]
  [ 33   1  52]]

 [[210 124  13]
  [133  97 128]
  [194  79  40]
  [ 43  45 165]]

 [[ 11  85 151]
  [170 230  63]
  [145  87 179]
  [153  16 159]]

 [[223 154   8]
  [142 246 147]
  [210 103 -27]
  [ 46  71 189]]]
global_best: [[154 173  15]
 [137  40  39]
 [161  19  34]
 [ 33   1  52]]

Iteration: 21
x: [[[  -556807284      6641752     13805336]
  [    47793908     -7139037   -503829991]
  [  -339139298     -7684200    -34443903]
  [  -115364132     -5533082   -648776136]]

 [[   316763257   -185733617     19381194]
  [   -73918866    193360899  -1390302327]
  [   199931141    210723808   -181205543]
  [    46990745    151699699  -1841758317]]

 [[-20131457422   -529955048  18563564202]
  [  3879105856   1378824332 -10085072813]
  [ -4705303046    285557786  18481098684]
  [ 11574624411   -105862042  -2438772520]]

 [[   990708766   -241110101   -318381243]
  [   323092029    -84671126   -242234149]
  [   980381650    165841245  -4076162816]
  [   241919871    102714923   -277794103]]]
velocity: [[[-7.07380181e+08  1.00114828e+07  2.04002257e+07]
  [ 6.07182388e+07 -1.07614089e+07 -7.44513350e+08]
  [-4.30850086e+08 -1.15831521e+07 -5.08980608e+07]
  [-1.46561124e+08 -8.34054166e+06 -9.58701356e+08]]

 [[ 4.02422650e+08 -2.79974110e+08  2.86397137e+07]
  [-9.39082943e+07  2.91471108e+08 -2.05446013e+09]
  [ 2.53996612e+08  3.17643897e+08 -2.67768823e+08]
  [ 5.96980097e+07  2.28671301e+08 -2.72158001e+09]]

 [[-2.55754379e+10 -7.98851671e+08  2.74315155e+10]
  [ 4.92809957e+09  2.07843240e+09 -1.49027865e+10]
  [-5.97771869e+09  4.30448238e+08  2.73096556e+10]
  [ 1.47046524e+10 -1.59575904e+08 -3.60379229e+09]]

 [[ 1.25861756e+09 -3.63448355e+08 -4.70474326e+08]
  [ 4.10462908e+08 -1.27633027e+08 -3.57951332e+08]
  [ 1.24549777e+09  2.49988137e+08 -6.02337584e+09]
  [ 3.07340174e+08  1.54831886e+08 -4.10498582e+08]]]
local best: [[[154 173  15]
  [137  40  39]
  [161  19  34]
  [ 33   1  52]]

 [[210 124  13]
  [133  97 128]
  [194  79  40]
  [ 43  45 165]]

 [[ 11  85 151]
  [170 230  63]
  [145  87 179]
  [153  16 159]]

 [[223 154   8]
  [142 246 147]
  [210 103 -27]
  [ 46  71 189]]]
global_best: [[154 173  15]
 [137  40  39]
 [161  19  34]
 [ 33   1  52]]

Iteration: 22
x: [[[   919245583    -23593007    -19715494]
  [   -78903631     25360505    719524492]
  [   559892821     27297016     49189747]
  [   190457225     19655421    926523491]]

 [[  -522950844    659790587    -27678432]
  [   122034612   -686884337   1985504158]
  [  -330070182   -748563471    258781446]
  [   -77577939   -538889583   2630232805]]

 [[ 33235458303   1882583828 -26510802275]
  [ -6404099277  -4898059307  14402588451]
  [  7768086875  -1014399571 -26393032429]
  [-19108797327    376058550   3482834456]]

 [[ -1635582034    856507041    454683307]
  [  -533399243    300781726    345937103]
  [ -1618532776   -589125060   5821206872]
  [  -399390642   -364878690    396720674]]]
velocity: [[[ 1.47605287e+09 -3.02347596e+07 -3.35208308e+07]
  [-1.26697540e+08  3.24995422e+07  1.22335448e+09]
  [ 8.99032119e+08  3.49812170e+07  8.36336504e+07]
  [ 3.05821358e+08  2.51885032e+07  1.57529963e+09]]

 [[-8.39714101e+08  8.45524204e+08 -4.70596268e+07]
  [ 1.95953478e+08 -8.80245236e+08  3.37580649e+09]
  [-5.30001324e+08 -9.59287279e+08  4.39986990e+08]
  [-1.24568684e+08 -6.90589282e+08  4.47199112e+09]]

 [[ 5.33669157e+10  2.41253888e+09 -4.50743665e+10]
  [-1.02832051e+10 -6.27688364e+09  2.44876613e+10]
  [ 1.24733899e+10 -1.29995736e+09 -4.48741311e+10]
  [-3.06834217e+10  4.81920593e+08  5.92160698e+09]]

 [[-2.62629080e+09  1.09761714e+09  7.73064551e+08]
  [-8.56491272e+08  3.85452852e+08  5.88171252e+08]
  [-2.59891443e+09 -7.54966305e+08  9.89736969e+09]
  [-6.41310513e+08 -4.67593614e+08  6.74514778e+08]]]
local best: [[[154 173  15]
  [137  40  39]
  [161  19  34]
  [ 33   1  52]]

 [[210 124  13]
  [133  97 128]
  [194  79  40]
  [ 43  45 165]]

 [[ 11  85 151]
  [170 230  63]
  [145  87 179]
  [153  16 159]]

 [[223 154   8]
  [142 246 147]
  [210 103 -27]
  [ 46  71 189]]]
global_best: [[154 173  15]
 [137  40  39]
 [161  19  34]
 [ 33   1  52]]

Iteration: 23
x: [[[ -2191434266     40770513     72920854]
  [   188102712    -43824268  -2661271729]
  [ -1334755507    -47170725   -181935678]
  [  -454040240    -33965669  -3426889279]]

 [[  1246688847  -1140154778    102372999]
  [  -290923859   1186974887  -7343691869]
  [   786871138   1293559842   -957142773]
  [   184941991    931231519  -9728319735]]

 [[-79231644467  -3253210252  98054276915]
  [ 15267047964   8464122015 -53270186599]
  [-18518724100   1752939569  97618687152]
  [ 45554402694   -649850298 -12881797987]]

 [[  3899145118  -1480091847  -1681716034]
  [  1271597177   -519767486  -1279501094]
  [  3858500551   1018041321 -21530628234]
  [   952127136    630530932  -1467331804]]]
velocity: [[[-3.11067985e+09  6.43635209e+07  9.26363486e+07]
  [ 2.67006343e+08 -6.91847738e+07 -3.38079622e+09]
  [-1.89464833e+09 -7.44677417e+07 -2.31125426e+08]
  [-6.44497466e+08 -5.36210904e+07 -4.35341277e+09]]

 [[ 1.76963969e+09 -1.79994537e+09  1.30051432e+08]
  [-4.12958471e+08  1.87385922e+09 -9.32919603e+09]
  [ 1.11694132e+09  2.04212331e+09 -1.21592422e+09]
  [ 2.62519930e+08  1.47012110e+09 -1.23585525e+10]]

 [[-1.12467103e+11 -5.13579408e+09  1.24565079e+11]
  [ 2.16711472e+10  1.33621813e+10 -6.76727751e+10]
  [-2.62868110e+10  2.76733914e+09  1.24011720e+11]
  [ 6.46632000e+10 -1.02590885e+09 -1.63646324e+10]]

 [[ 5.53472715e+09 -2.33659889e+09 -2.13639934e+09]
  [ 1.80499642e+09 -8.20549213e+08 -1.62543820e+09]
  [ 5.47703333e+09  1.60716638e+09 -2.73518351e+10]
  [ 1.35151778e+09  9.95409622e+08 -1.86405248e+09]]]
local best: [[[154 173  15]
  [137  40  39]
  [161  19  34]
  [ 33   1  52]]

 [[210 124  13]
  [133  97 128]
  [194  79  40]
  [ 43  45 165]]

 [[ 11  85 151]
  [170 230  63]
  [145  87 179]
  [153  16 159]]

 [[223 154   8]
  [142 246 147]
  [210 103 -27]
  [ 46  71 189]]]
global_best: [[154 173  15]
 [137  40  39]
 [161  19  34]
 [ 33   1  52]]

Iteration: 24
x: [[[   4316175122     -96137481    -256130174]
  [   -370480319     103339040    9347561735]
  [   2628889691     111230013     639038599]
  [    894262367      80092044   12036748735]]

 [[  -2455435582    2688518821    -359579118]
  [    572994175   -2798921277   25794289274]
  [  -1549794211   -3050251785    3361908270]
  [   -364255368   -2195871087   34170155530]]

 [[ 156051962170    7671165406 -344409922043]
  [ -30069459843  -19958646962  187108420286]
  [  36473851869   -4133482613 -342879938329]
  [ -89722407526    1532366061   45246563749]]

 [[  -7679623550    3490100445    5906929428]
  [  -2504494294    1225627516    4494173298]
  [  -7599571391   -2400570996   75625074547]
  [  -1875277227   -1486810245    5153917823]]]
velocity: [[[ 6.50760939e+09 -1.36907995e+08 -3.29051028e+08]
  [-5.58583032e+08  1.47163309e+08  1.20088335e+10]
  [ 3.96364520e+09  1.58400739e+08  8.20974277e+08]
  [ 1.34830261e+09  1.14057714e+08  1.54636380e+10]]

 [[-3.70212443e+09  3.82867360e+09 -4.61952117e+08]
  [ 8.63918035e+08 -3.98589616e+09  3.31379811e+10]
  [-2.33666535e+09 -4.34381163e+09  4.31905104e+09]
  [-5.49197360e+08 -3.12710261e+09  4.38984753e+10]]

 [[ 2.35283607e+11  1.09243757e+10 -4.42464199e+11]
  [-4.53365078e+10 -2.84227690e+10  2.40378607e+11]
  [ 5.49925760e+10 -5.88642218e+09 -4.40498625e+11]
  [-1.35276810e+11  2.18221636e+09  5.81283617e+10]]

 [[-1.15787687e+10  4.97019229e+09  7.58864546e+09]
  [-3.77609147e+09  1.74539500e+09  5.77367439e+09]
  [-1.14580719e+10 -3.41861232e+09  9.71557028e+10]
  [-2.82740436e+09 -2.11734118e+09  6.62124963e+09]]]
local best: [[[154 173  15]
  [137  40  39]
  [161  19  34]
  [ 33   1  52]]

 [[210 124  13]
  [133  97 128]
  [194  79  40]
  [ 43  45 165]]

 [[ 11  85 151]
  [170 230  63]
  [145  87 179]
  [153  16 159]]

 [[223 154   8]
  [142 246 147]
  [210 103 -27]
  [ 46  71 189]]]
global_best: [[154 173  15]
 [137  40  39]
 [161  19  34]
 [ 33   1  52]]

Iteration: 25
x: [[[  -5950595900     207358974     606465629]
  [    510771723    -222891307  -22133176742]
  [  -3624380171    -239911371   -1513116861]
  [  -1232895749    -172750106  -28500639488]]

 [[   3385244399   -5798851643     851412259]
  [   -789971563    6036978800  -61075773578]
  [   2136660630    6579072191   -7960333540]
  [    502189313    4736262874  -80908167709]]

 [[-215144704843  -16545895975  815494557931]
  [  41455967842   43048701287 -443035721684]
  [ -50285532692    8915487093  811871859268]
  [ 123697905930   -3305152310 -107134911035]]

 [[  10587693930   -7527778824  -13986440226]
  [   3452880248   -2643549282  -10641312908]
  [  10477328135    5177779121 -179065214926]
  [   2585395113    3206893280  -12203457321]]]
velocity: [[[-1.02667710e+10  3.03496456e+08  8.62595804e+08]
  [ 8.81252043e+08 -3.26230347e+08 -3.14807385e+10]
  [-6.25326986e+09 -3.51141385e+08 -2.15215546e+09]
  [-2.12715812e+09 -2.52842150e+08 -4.05373882e+10]]

 [[ 5.84067998e+09 -8.48737046e+09  1.21099138e+09]
  [-1.36296574e+09  8.83590008e+09 -8.68700629e+10]
  [ 3.68645484e+09  9.62932398e+09 -1.13222418e+10]
  [ 8.66444681e+08  6.93213396e+09 -1.15078323e+11]]

 [[-3.71196667e+11 -2.42170614e+10  1.15990448e+12]
  [ 7.15254277e+10  6.30073482e+10 -6.30144142e+11]
  [-8.67593846e+10  1.30489697e+10  1.15475180e+12]
  [ 2.13420313e+11 -4.83751837e+09 -1.52381475e+11]]

 [[ 1.82673175e+10 -1.10178793e+10 -1.98933697e+10]
  [ 5.95737454e+09 -3.86917680e+09 -1.51354862e+10]
  [ 1.80768995e+10  7.57835012e+09 -2.54690289e+11]
  [ 4.46067234e+09  4.69370353e+09 -1.73573751e+10]]]
local best: [[[154 173  15]
  [137  40  39]
  [161  19  34]
  [ 33   1  52]]

 [[210 124  13]
  [133  97 128]
  [194  79  40]
  [ 43  45 165]]

 [[ 11  85 151]
  [170 230  63]
  [145  87 179]
  [153  16 159]]

 [[223 154   8]
  [142 246 147]
  [210 103 -27]
  [ 46  71 189]]]
global_best: [[154 173  15]
 [137  40  39]
 [161  19  34]
 [ 33   1  52]]

Iteration: 26
x: [[[   15590164479     -207713124    -1635004963]
  [   -1338187312      223272438    59670084221]
  [    9495634621      240321557     4079297524]
  [    3230104657      173045438    76836487531]]

 [[   -8869113613     5808765538    -2295370452]
  [    2069673234    -6047299355   164657635587]
  [   -5597907530    -6590319538    21460713937]
  [   -1315702327    -4744359844   218124909664]]

 [[  563664761217    16574182784 -2198537941435]
  [ -108611867066   -43122296282  1194405081321]
  [  131744738515    -8930728725 -2188771302956]
  [ -324080253561     3310802768   288831071613]]

 [[  -27739050432     7540648509    37706835985]
  [   -9046315186     2648069033    28688518134]
  [  -27449899435    -5186630805   482752049361]
  [   -6773562417    -3212375627    32899991772]]]
velocity: [[[ 2.15407604e+10 -4.15072099e+08 -2.24147059e+09]
  [-1.84895904e+09  4.46163745e+08  8.18032610e+10]
  [ 1.31200148e+10  4.80232928e+08  5.59241439e+09]
  [ 4.46300041e+09  3.45795545e+08  1.05337127e+11]]

 [[-1.22543580e+10  1.16076172e+10 -3.14678271e+09]
  [ 2.85964480e+09 -1.20842782e+10  2.25733409e+11]
  [-7.73456816e+09 -1.31693917e+10  2.94210475e+10]
  [-1.81789164e+09 -9.48062272e+09  2.99033077e+11]]

 [[ 7.78809466e+11  3.31200788e+10 -3.01403250e+12]
  [-1.50067835e+11 -8.61709976e+10  1.63744080e+12]
  [ 1.82030271e+11 -1.78462158e+10 -3.00064316e+12]
  [-4.47778159e+11  6.61595508e+09  3.95965983e+11]]

 [[-3.83267444e+10  1.50684273e+10  5.16932762e+10]
  [-1.24991954e+10  5.29161832e+09  3.93298310e+10]
  [-3.79272276e+10 -1.03644099e+10  6.61817264e+11]
  [-9.35895753e+09 -6.41926891e+09  4.51034491e+10]]]
local best: [[[154 173  15]
  [137  40  39]
  [161  19  34]
  [ 33   1  52]]

 [[210 124  13]
  [133  97 128]
  [194  79  40]
  [ 43  45 165]]

 [[ 11  85 151]
  [170 230  63]
  [145  87 179]
  [153  16 159]]

 [[223 154   8]
  [142 246 147]
  [210 103 -27]
  [ 46  71 189]]]
global_best: [[154 173  15]
 [137  40  39]
 [161  19  34]
 [ 33   1  52]]

Iteration: 27
x: [[[  -53774875023      388768919     3973470270]
  [    4615786188     -417890059  -145013200436]
  [  -32753122074     -449800280    -9913711213]
  [  -11141542117     -323882285  -186731845820]]

 [[   30592075877   -10872035838     5578323256]
  [   -7138886295    11318490752  -400159158919]
  [   19308763182    12334840054   -52154892143]
  [    4538228689     8879830373  -530097982284]]

 [[-1944238786611   -31021240748  5342996036426]
  [  374632972628    80710293507 -2902702516183]
  [ -454424771322    16715291197  5319260666885]
  [ 1117844227013    -6196698323  -701931606771]]

 [[   95679811729   -14113532530   -91637024462]
  [   31203293914    -4956285510   -69720260421]
  [   94682448352     9707611505 -1173207993175]
  [   23363927961     6012476253   -79955192592]]]
velocity: [[[-6.93650395e+10  5.96482043e+08  5.60847523e+09]
  [ 5.95397350e+09 -6.41162498e+08 -2.04683285e+11]
  [-4.22487567e+10 -6.90121837e+08 -1.39930087e+10]
  [-1.43716468e+10 -4.96927724e+08 -2.63568333e+11]]

 [[ 3.94611895e+10 -1.66808014e+10  7.87369371e+09]
  [-9.20855953e+09  1.73657901e+10 -5.64816795e+11]
  [ 2.49066707e+10  1.89251596e+10 -7.36156061e+10]
  [ 5.85393102e+09  1.36241902e+10 -7.48222892e+11]]

 [[-2.50790355e+12 -4.75954235e+10  7.54153398e+12]
  [ 4.83244840e+11  1.23832590e+11 -4.09710760e+12]
  [-5.86169510e+11  2.56460199e+10  7.50803197e+12]
  [ 1.44192448e+12 -9.50750109e+09 -9.90762678e+11]]

 [[ 1.23418862e+11 -2.16541810e+10 -1.29343860e+11]
  [ 4.02496091e+10 -7.60435454e+09 -9.84087786e+10]
  [ 1.22132348e+11  1.48942423e+10 -1.65596004e+12]
  [ 3.01374904e+10  9.22485188e+09 -1.12855184e+11]]]
local best: [[[154 173  15]
  [137  40  39]
  [161  19  34]
  [ 33   1  52]]

 [[210 124  13]
  [133  97 128]
  [194  79  40]
  [ 43  45 165]]

 [[ 11  85 151]
  [170 230  63]
  [145  87 179]
  [153  16 159]]

 [[223 154   8]
  [142 246 147]
  [210 103 -27]
  [ 46  71 189]]]
global_best: [[154 173  15]
 [137  40  39]
 [161  19  34]
 [ 33   1  52]]

Iteration: 28
x: [[[  172907249152     -998692147    -5822456600]
  [  -14841556731     1073501027   212492610850]
  [  105314094207     1155473830    14526887095]
  [   35824414248      832008116   273624313708]]

 [[  -98365484334    27928734083    -8174100453]
  [   22954311225   -29075613301   586366373395]
  [  -62085222389   -31686472023    76424278448]
  [  -14592179472   -22811037354   776770003847]]

 [[ 6251487872476    79689212292 -7829267774098]
  [-1204591483186  -207333411090  4253425440408]
  [ 1461153314864   -42939235939 -7794487556607]
  [-3594306252664    15918447929  1028563463831]]

 [[ -307648003571    36255683976   134278745070]
  [ -100330789446    12732001926   102163390352]
  [ -304441090356   -24937490745  1719140248437]
  [  -75124163240   -15445207199   117160973081]]]
velocity: [[[ 2.26682124e+11 -1.38746107e+09 -9.79592687e+09]
  [-1.94573429e+10  1.49139109e+09  3.57505811e+11]
  [ 1.38067216e+11  1.60527411e+09  2.44405983e+10]
  [ 4.69659564e+10  1.15589040e+09  4.60356160e+11]]

 [[-1.28957560e+11  3.88007699e+10 -1.37524237e+10]
  [ 3.00931975e+10 -4.03941041e+10  9.86525532e+11]
  [-8.13939856e+10 -4.40213121e+10  1.28579171e+11]
  [-1.91304082e+10 -3.16908677e+10  1.30686799e+12]]

 [[ 8.19572666e+12  1.10710453e+11 -1.31722638e+13]
  [-1.57922446e+12 -2.88043705e+11  7.15612796e+12]
  [ 1.91557809e+12 -5.96545271e+10 -1.31137482e+13]
  [-4.71215048e+12  2.21151463e+10  1.73049507e+12]]

 [[-4.03327815e+11  5.03692165e+10  2.25915770e+11]
  [-1.31534083e+11  1.76882874e+10  1.71883651e+11]
  [-3.99123539e+11 -3.46451023e+10  2.89234824e+12]
  [-9.84880912e+10 -2.14576835e+10  1.97116166e+11]]]
local best: [[[154 173  15]
  [137  40  39]
  [161  19  34]
  [ 33   1  52]]

 [[210 124  13]
  [133  97 128]
  [194  79  40]
  [ 43  45 165]]

 [[ 11  85 151]
  [170 230  63]
  [145  87 179]
  [153  16 159]]

 [[223 154   8]
  [142 246 147]
  [210 103 -27]
  [ 46  71 189]]]
global_best: [[154 173  15]
 [137  40  39]
 [161  19  34]
 [ 33   1  52]]

Iteration: 29
x: [[[  -168515239685      4603501713     16295238125]
  [    14464567294     -4948334245   -594700470735]
  [  -102639015377     -5326190403    -40656221098]
  [   -34914439867     -3835165808   -765789019743]]

 [[    95866907529   -128738318070     22876755009]
  [   -22371249545    134024892678  -1641056396771]
  [    60508198846    146059722424   -213887693168]
  [    14221524265    105148145856  -2173936708303]]

 [[ -6092694113588   -367329760635  21911675956067]
  [  1173993710090    955709440319 -11904009754145]
  [ -1424038625751    197929667765  21814336986878]
  [  3503007443443    -73376552585  -2878627984963]]

 [[   299833451043   -167121637764   -375804281354]
  [    97782291909    -58688535596   -285923430618]
  [   296707996469    114950095329  -4811336785638]
  [    73215937873     71195135775   -327896981855]]]
velocity: [[[-3.41422489e+11  5.60219386e+09  2.21176947e+10]
  [ 2.93061240e+10 -6.02183527e+09 -8.07193082e+11]
  [-2.07953110e+11 -6.48166423e+09 -5.51831082e+10]
  [-7.07388541e+10 -4.66717392e+09 -1.03941333e+12]]

 [[ 1.94232392e+11 -1.56667052e+11  3.10508555e+10]
  [-4.53255608e+10  1.63100506e+11 -2.22742277e+12]
  [ 1.22593421e+11  1.77746194e+11 -2.90311972e+11]
  [ 2.88137037e+10  1.27959183e+11 -2.95070671e+12]]

 [[-1.23441820e+13 -4.47018973e+11  2.97409437e+13]
  [ 2.37858519e+12  1.16304285e+12 -1.61574352e+13]
  [-2.88519194e+12  2.40868904e+11  2.96088245e+13]
  [ 7.09731370e+12 -8.92950005e+10 -3.90719145e+12]]

 [[ 6.07481455e+11 -2.03377322e+11 -5.10083026e+11]
  [ 1.98113081e+11 -7.14205375e+10 -3.88086821e+11]
  [ 6.01149087e+11  1.39887586e+11 -6.53047703e+12]
  [ 1.48340101e+11  8.66403430e+10 -4.45057955e+11]]]
local best: [[[154 173  15]
  [137  40  39]
  [161  19  34]
  [ 33   1  52]]

 [[210 124  13]
  [133  97 128]
  [194  79  40]
  [ 43  45 165]]

 [[ 11  85 151]
  [170 230  63]
  [145  87 179]
  [153  16 159]]

 [[223 154   8]
  [142 246 147]
  [210 103 -27]
  [ 46  71 189]]]
global_best: [[154 173  15]
 [137  40  39]
 [161  19  34]
 [ 33   1  52]]

Iteration: 30
x: [[[   289504218941     -8985911322    -45202263033]
  [   -24849700215      9659015802   1649672556767]
  [   176330805842     10396580823    112778542439]
  [    59981979450      7486140764   2124264553862]]

 [[  -164696523075    251293743306    -63459097055]
  [    38433148186   -261612994461   4552217183311]
  [  -103951302988   -285104659293    593314912403]
  [   -24432159717   -205246359552   6030403378230]]

 [[ 10467069040066    717017837827 -60782010899409]
  [ -2016886616037  -1865519185810  33021191627771]
  [  2446456417440   -386353400938 -60511996944292]
  [ -6018063613967    143229062018   7985185520159]]

 [[  -515105037413    326216953597   1042464299498]
  [  -167987097151    114558447392    793138832405]
  [  -509735598520   -224379501816  13346433450986]
  [  -125782824736   -138970994770    909571589814]]]
velocity: [[[ 4.58019459e+11 -1.35894130e+10 -6.14975012e+10]
  [-3.93142675e+10  1.46073500e+10  2.24437303e+12]
  [ 2.78969821e+11  1.57227712e+10  1.53434764e+11]
  [ 9.48964193e+10  1.13213066e+10  2.89005357e+12]]

 [[-2.60563431e+11  3.80032061e+11 -8.63358521e+10]
  [ 6.08043977e+10 -3.95637887e+11  6.19327358e+12]
  [-1.64459502e+11 -4.31164382e+11  8.07202606e+11]
  [-3.86536840e+10 -3.10394505e+11  8.20434009e+12]]

 [[ 1.65597632e+13  1.08434760e+12 -8.26936869e+13]
  [-3.19088033e+12 -2.82122863e+12  4.49252014e+13]
  [ 3.87049504e+12 -5.84283069e+11 -8.23263339e+13]
  [-9.52107106e+12  2.16605615e+11  1.08638135e+13]]

 [[-8.14938488e+11  4.93338591e+11  1.41826858e+12]
  [-2.65769389e+11  1.73246983e+11  1.07906226e+12]
  [-8.06443595e+11 -3.39329597e+11  1.81577702e+13]
  [-1.98998763e+11 -2.10166131e+11  1.23746857e+12]]]
local best: [[[154 173  15]
  [137  40  39]
  [161  19  34]
  [ 33   1  52]]

 [[210 124  13]
  [133  97 128]
  [194  79  40]
  [ 43  45 165]]

 [[ 11  85 151]
  [170 230  63]
  [145  87 179]
  [153  16 159]]

 [[223 154   8]
  [142 246 147]
  [210 103 -27]
  [ 46  71 189]]]
global_best: [[154 173  15]
 [137  40  39]
 [161  19  34]
 [ 33   1  52]]

Iteration: 31
x: [[[   -978521015644      27432636408     182676430092]
  [     83991708902     -29487522282   -6666840842429]
  [   -595996147371     -31739197440    -455773231807]
  [   -202738418338     -22854061768   -8584814986285]]

 [[    556672403435    -767162001008     256457985230]
  [   -129903609656     798665123565  -18396928115845]
  [    351354240147     870381642872   -2397770438754]
  [     82580426256     626586265020  -24370739134682]]

 [[ -35378576078445   -2188947612784  245639045821284]
  [   6817054164986    5695149484855 -133448924826169]
  [  -8268995279356    1179478822456  244547835291973]
  [  20340987587148    -437256783416  -32270622883620]]

 [[   1741049255823    -995891292851   -4212923067833]
  [    567794506794    -349729708596   -3205321164679]
  [   1722900612527     684996870744  -53937096346420]
  [    425144538458     424257544794   -3675862217876]]]
velocity: [[[-1.26802523e+12  3.64185477e+10  2.27878693e+11]
  [ 1.08841409e+11 -3.91465381e+10 -8.31651340e+12]
  [-7.72326953e+11 -4.21357783e+10 -5.68551774e+11]
  [-2.62720398e+11 -3.03402025e+10 -1.07090795e+13]]

 [[ 7.21368927e+11 -1.01845574e+12  3.19917082e+11]
  [-1.68336758e+11  1.06027812e+12 -2.29491453e+13]
  [ 4.55305543e+11  1.15548630e+12 -2.99108535e+12]
  [ 1.07012586e+11  8.31832625e+11 -3.04011425e+13]]

 [[-4.58456451e+13 -2.90596545e+12  3.06421057e+14]
  [ 8.83394078e+12  7.56066867e+12 -1.66470116e+14]
  [-1.07154517e+13  1.56583222e+12  3.05059832e+14]
  [ 2.63590512e+13 -5.80485845e+11 -4.02558084e+13]]

 [[ 2.25615429e+12 -1.32210825e+12 -5.25538737e+12]
  [ 7.35781604e+11 -4.64288156e+11 -3.99846000e+12]
  [ 2.23263621e+12  9.09376373e+11 -6.72835298e+13]
  [ 5.50927363e+11  5.63228540e+11 -4.58543381e+12]]]
local best: [[[154 173  15]
  [137  40  39]
  [161  19  34]
  [ 33   1  52]]

 [[210 124  13]
  [133  97 128]
  [194  79  40]
  [ 43  45 165]]

 [[ 11  85 151]
  [170 230  63]
  [145  87 179]
  [153  16 159]]

 [[223 154   8]
  [142 246 147]
  [210 103 -27]
  [ 46  71 189]]]
global_best: [[154 173  15]
 [137  40  39]
 [161  19  34]
 [ 33   1  52]]

Iteration: 32
x: [[[   1638711121026     -78368470669    -561232928385]
  [   -140659367410      84238788230   20482393966377]
  [    998103770227      90671284737    1400262450340]
  [    339522294852      65288580290   26374945320208]]

 [[   -932249019662    2191598080788    -787910438097]
  [    217547182635   -2281594955221   56520492740933]
  [   -588406473568   -2486471872853    7366619352238]
  [   -138295918620   -1790006874212   74873705853446]]

 [[  59247849687998    6253299016304 -754671639673034]
  [ -11416395040048  -16269677930792  409992306290534]
  [  13847934080461   -3369488477526 -751319136667434]
  [ -34064677232425    1249137895073   99144351434663]]

 [[  -2915703118200    2845022880603   12943274343051]
  [   -950875001420     999094007993    9847640349866]
  [  -2885309919584   -1956871983654  165709799119594]
  [   -711981727314   -1212002183842   11293273665176]]]
velocity: [[[ 2.61723214e+12 -1.05801107e+11 -7.43909358e+11]
  [-2.24651076e+11  1.13726311e+11  2.71492348e+13]
  [ 1.59409992e+12  1.22410482e+11  1.85603568e+12]
  [ 5.42260713e+11  8.81426421e+10  3.49597603e+13]]

 [[-1.48892142e+12  2.95876008e+12 -1.04436842e+12]
  [ 3.47450792e+11 -3.08026008e+12  7.49174209e+13]
  [-9.39760714e+11 -3.35685352e+12  9.76438979e+12]
  [-2.20876345e+11 -2.41659314e+12  9.92444450e+13]]

 [[ 9.46264258e+13  8.44224663e+12 -1.00031069e+15]
  [-1.82334492e+13 -2.19648274e+13  5.43441231e+14]
  [ 2.21169294e+13 -4.54896730e+12 -9.95866972e+14]
  [-5.44056648e+13  1.68639468e+12  1.31414974e+14]]

 [[-4.65675237e+12  3.84091417e+12  1.71561974e+13]
  [-1.51866951e+12  1.34882372e+12  1.30529615e+13]
  [-4.60821053e+12 -2.64186885e+12  2.19646895e+14]
  [-1.13712627e+12 -1.63625973e+12  1.49691359e+13]]]
local best: [[[154 173  15]
  [137  40  39]
  [161  19  34]
  [ 33   1  52]]

 [[210 124  13]
  [133  97 128]
  [194  79  40]
  [ 43  45 165]]

 [[ 11  85 151]
  [170 230  63]
  [145  87 179]
  [153  16 159]]

 [[223 154   8]
  [142 246 147]
  [210 103 -27]
  [ 46  71 189]]]
global_best: [[154 173  15]
 [137  40  39]
 [161  19  34]
 [ 33   1  52]]

Iteration: 33
x: [[[  -4864853187916     229974137291     801652915855]
  [    417576450267    -247200722619  -29256606331539]
  [  -2963077656409    -266077036324   -2000104447562]
  [  -1007942215854    -191590887945  -37673398603493]]

 [[   2767574198234   -6431296567063    1125434143613]
  [   -645833845046    6695394531275  -80732643288811]
  [   1746806422112    7296610707060  -10522318960149]
  [    410560062880    5252817643571 -106947973969096]]

 [[-175889506557369  -18350454333536 1077956566395964]
  [  33891931958238   47743755915655 -585624098619970]
  [ -41110458945720    9887843884639 1073167923973579]
  [ 101128046014000   -3665624791101 -141615636565078]]

 [[   8655868279959   -8348787145749  -18487891733648]
  [   2822869280677   -2931865071274  -14066155425055]
  [   8565639778248    5742487266536 -236696275156782]
  [   2113665143351    3556649165523  -16131066629982]]]
velocity: [[[-6.50356431e+12  3.08342608e+11  1.36288584e+12]
  [ 5.58235818e+11 -3.31439511e+11 -4.97390003e+13]
  [-3.96118143e+12 -3.56748321e+11 -3.40036690e+12]
  [-1.34746451e+12 -2.56879468e+11 -6.40483439e+13]]

 [[ 3.69982322e+12 -8.62289465e+12  1.91334458e+12]
  [-8.63381028e+11  8.97698949e+12 -1.37253136e+14]
  [ 2.33521290e+12  9.78308258e+12 -1.78889383e+13]
  [ 5.48855982e+11  7.04282452e+12 -1.81821680e+14]]

 [[-2.35137356e+14 -2.46037533e+13  1.83262821e+15]
  [ 4.53083270e+13  6.40134338e+13 -9.95616405e+14]
  [-5.49583930e+13  1.32573324e+13  1.82448706e+15]
  [ 1.35192723e+14 -4.91476269e+12 -2.40759988e+14]]

 [[ 1.15715714e+13 -1.11938100e+13 -3.14311661e+13]
  [ 3.77374428e+12 -3.93095908e+12 -2.39137958e+13]
  [ 1.14509497e+13  7.69935925e+12 -4.02406074e+14]
  [ 2.82564687e+12  4.76865135e+12 -2.74243403e+13]]]
local best: [[[154 173  15]
  [137  40  39]
  [161  19  34]
  [ 33   1  52]]

 [[210 124  13]
  [133  97 128]
  [194  79  40]
  [ 43  45 165]]

 [[ 11  85 151]
  [170 230  63]
  [145  87 179]
  [153  16 159]]

 [[223 154   8]
  [142 246 147]
  [210 103 -27]
  [ 46  71 189]]]
global_best: [[154 173  15]
 [137  40  39]
 [161  19  34]
 [ 33   1  52]]

Iteration: 34
x: [[[   19131368351907     -662096445618    -2073001618837]
  [   -1642147989455      711691853396    75654926326807]
  [   11652505823297      766036834756     5172088413630]
  [    3963801797115      551590920374    97419986567457]]

 [[  -10883675082437    18515728126545    -2910270461796]
  [    2539785828919   -19276067203988   208767281856515]
  [   -6869435891352   -21006970940144    27209760992050]
  [   -1614555565993   -15122882667421   276557745616180]]

 [[  691697531060289    52831030242193 -2787497759988316]
  [ -133282343654666  -137454461168994  1514370721407250]
  [  161669695425250   -28467141455786 -2775114765680385]
  [ -397692967123622    10553348199127   366205171906667]]

 [[  -34039794843048    24036191048638    47808008597972]
  [  -11101126781493     8440851078678    36373800171255]
  [  -33684965080422   -16532643438808   612075066255336]
  [   -8312132939158   -10239606944053    41713472972420]]]
velocity: [[[ 2.39962215e+13 -8.92070583e+11 -2.87465453e+12]
  [-2.05972444e+12  9.58892576e+11  1.04911533e+14]
  [ 1.46155835e+13  1.03211387e+12  7.17219286e+12]
  [ 4.97174401e+12  7.43181808e+11  1.35093385e+14]]

 [[-1.36512493e+13  2.49470247e+13 -4.03570461e+12]
  [ 3.18561967e+12 -2.59714617e+13  2.89499925e+14]
  [-8.61624231e+12 -2.83035816e+13  3.77320800e+13]
  [-2.02511563e+12 -2.03757003e+13  3.83505720e+14]]

 [[ 8.67587038e+14  7.11814846e+13 -3.86545433e+15]
  [-1.67174276e+14 -1.85198217e+14  2.09999482e+15]
  [ 2.02780154e+14 -3.83549853e+13 -3.84828269e+15]
  [-4.98821013e+14  1.42189730e+13  5.07820808e+14]]

 [[-4.26956631e+13  3.23849782e+13  6.62959003e+13]
  [-1.39239961e+13  1.13727161e+13  5.04399556e+13]
  [-4.22506049e+13 -2.22751307e+13  8.48771341e+14]
  [-1.04257981e+13 -1.37962561e+13  5.78445396e+13]]]
local best: [[[154 173  15]
  [137  40  39]
  [161  19  34]
  [ 33   1  52]]

 [[210 124  13]
  [133  97 128]
  [194  79  40]
  [ 43  45 165]]

 [[ 11  85 151]
  [170 230  63]
  [145  87 179]
  [153  16 159]]

 [[223 154   8]
  [142 246 147]
  [210 103 -27]
  [ 46  71 189]]]
global_best: [[154 173  15]
 [137  40  39]
 [161  19  34]
 [ 33   1  52]]

Iteration: 35
x: [[[  -48662576555579     1622838989520     6424042803471]
  [    4176970031244    -1744400374511  -234447711278014]
  [  -29639330875642    -1877603256410   -16027829910974]
  [  -10082332055665    -1351983170188  -301895646356366]]

 [[   27683731878563   -45383185048958     9018662526027]
  [   -6460202953256    47246822753617  -646950751225024]
  [   17473107193584    51489373952396   -84320565741408]
  [    4106785902177    37067112775033  -857027210836891]]

 [[-1759402852935255  -129492094798575  8638201129154450]
  [  339017164500902   336909313232598 -4692896641349180]
  [ -411223274034253    69774709354724  8599827360052923]
  [ 1011572413562604   -25866903582642 -1134836402336124]]

 [[   86583672011796   -58914178193742  -148152654965795]
  [   28236842338531   -20689043598527  -112719086709260]
  [   85681126507938    40522522874417 -1896764763131510]
  [   21142753516582    25097904527560  -129266245340964]]]
velocity: [[[-6.77939449e+13  2.28493544e+12  8.49704442e+12]
  [ 5.81911802e+12 -2.45609223e+12 -3.10102638e+14]
  [-4.12918367e+13 -2.64364009e+12 -2.11999183e+13]
  [-1.40461339e+13 -1.90357409e+12 -3.99315633e+14]]

 [[ 3.85674070e+13 -6.38989132e+13  1.19289330e+13]
  [-8.99998878e+12  6.65228900e+13 -8.55718033e+14]
  [ 2.43425431e+13  7.24963449e+13 -1.11530327e+14]
  [ 5.72134147e+12  5.21899954e+13 -1.13358496e+15]]

 [[-2.45110038e+15 -1.82323125e+14  1.14256989e+16]
  [ 4.72299508e+14  4.74363774e+14 -6.20726736e+15]
  [-5.72892969e+14  9.82418508e+13  1.13749421e+16]
  [ 1.40926538e+15 -3.64202518e+13 -1.50104157e+15]]

 [[ 1.20623467e+14 -8.29503692e+13 -1.95960664e+14]
  [ 3.93379691e+13 -2.91298947e+13 -1.49092887e+14]
  [ 1.19366092e+14  5.70551663e+13 -2.50883983e+15]
  [ 2.94548865e+13  3.53375115e+13 -1.70979718e+14]]]
local best: [[[154 173  15]
  [137  40  39]
  [161  19  34]
  [ 33   1  52]]

 [[210 124  13]
  [133  97 128]
  [194  79  40]
  [ 43  45 165]]

 [[ 11  85 151]
  [170 230  63]
  [145  87 179]
  [153  16 159]]

 [[223 154   8]
  [142 246 147]
  [210 103 -27]
  [ 46  71 189]]]
global_best: [[154 173  15]
 [137  40  39]
 [161  19  34]
 [ 33   1  52]]

Iteration: 36
x: [[[    98107672020287     -5493469506361    -16774581337346]
  [    -8421107858392      5904966745162    612194271195784]
  [    59755277222877      6355871594349     41852170779307]
  [    20326793123813      4576595933137    788315587261820]]

 [[   -55812632204100    153626542628993    -23549701134516]
  [    13024289246490   -159935139456794   1689329963968336]
  [   -35227190811230   -174296592314123    220179446450999]
  [    -8279611004171   -125475820498176   2237885564645378]]

 [[  3547097795970225    438343470167915 -22556233182558464]
  [  -683485896928108  -1140471144000872  12254179934136588]
  [   829059226854022   -236194250127875 -22456030875271700]
  [ -2039411424521259     87562011384112   2963306148170053]]

 [[  -174559653377090    199430284541818    386858997846825]
  [   -56927747420846     70034446346833    294334198281258]
  [  -172740048979982   -137172723356598   4952867807772752]
  [   -42625493231456    -84958873988641    337542449979245]]]
velocity: [[[ 1.46770249e+14 -7.11630850e+12 -2.31986241e+13]
  [-1.25980779e+13  7.64936712e+12  8.46641982e+14]
  [ 8.93946081e+13  8.23347485e+12  5.78800007e+13]
  [ 3.04091252e+13  5.92857910e+12  1.09021123e+15]]

 [[-8.34963641e+13  1.99009728e+14 -3.25683637e+13]
  [ 1.94844922e+13 -2.07181962e+14  2.33628072e+15]
  [-5.27002980e+13 -2.25785966e+14  3.04500012e+14]
  [-1.23863969e+13 -1.62542933e+14  3.09491278e+15]]

 [[ 5.30650065e+15  5.67835565e+14 -3.11944343e+16]
  [-1.02250306e+15 -1.47738046e+15  1.69470766e+16]
  [ 1.24028250e+15 -3.05968959e+14 -3.10558582e+16]
  [-3.05098384e+15  1.13428915e+14  4.09814255e+15]]

 [[-2.61143325e+14  2.58344463e+14  5.35011653e+14]
  [-8.51645898e+13  9.07234899e+13  4.07053285e+14]
  [-2.58421175e+14 -1.77695246e+14  6.84963257e+15]
  [-6.37682467e+13 -1.10056779e+14  4.66808695e+14]]]
local best: [[[154 173  15]
  [137  40  39]
  [161  19  34]
  [ 33   1  52]]

 [[210 124  13]
  [133  97 128]
  [194  79  40]
  [ 43  45 165]]

 [[ 11  85 151]
  [170 230  63]
  [145  87 179]
  [153  16 159]]

 [[223 154   8]
  [142 246 147]
  [210 103 -27]
  [ 46  71 189]]]
global_best: [[154 173  15]
 [137  40  39]
 [161  19  34]
 [ 33   1  52]]

Iteration: 37
x: [[[  -229401596935213     19113199507717     78700923162277]
  [    19690769854660    -20544904700111  -2872217990349722]
  [  -139723588766613    -22113719150014   -196356881309269]
  [   -47529400169742    -15923159495360  -3698522378172317]]

 [[   130504645490139   -534506427208928    110487599196005]
  [   -30454221270644    556455665234980  -7925791113120470]
  [    82370457491286    606422869631649  -1033010919828547]
  [    19359912912660    436562792913046 -10499436994997500]]

 [[ -8294049610253631  -1525110167296043 105826568116894256]
  [  1598170183938179   3967993720901362 -57492658327336896]
  [ -1938559000311777    821780810808338 105356451222299056]
  [  4768681469655507   -304650856963092 -13902876309285688]]

 [[   408166480976509   -693869477523528  -1815017594290764]
  [   133112078794830   -243667930409280  -1380921088704529]
  [   403911766274850    477259339546912 -23237257665811256]
  [    99669638633978    295593869511940  -1583640264132337]]]
velocity: [[[-3.27509269e+14  2.46066690e+13  9.54755045e+13]
  [ 2.81118777e+13 -2.64498714e+13 -3.48441226e+15]
  [-1.99478866e+14 -2.84695907e+13 -2.38209052e+14]
  [-6.78561933e+13 -2.04997554e+13 -4.48683797e+15]]

 [[ 1.86317278e+14 -6.88132970e+14  1.34037300e+14]
  [-4.34785105e+13  7.16390805e+14 -9.61512108e+15]
  [ 1.17597648e+14  7.80719462e+14 -1.25319037e+15]
  [ 2.76395239e+13  5.62038613e+14 -1.27373226e+16]]

 [[-1.18411474e+16 -1.96345364e+15  1.28382801e+17]
  [ 2.28165608e+15  5.10846486e+15 -6.97468383e+16]
  [-2.76761823e+15  1.05797506e+15  1.27812482e+17]
  [ 6.80809289e+15 -3.92212868e+14 -1.68661825e+16]]

 [[ 5.82726134e+14 -8.93299762e+14 -2.20187659e+15]
  [ 1.90039826e+14 -3.13702377e+14 -1.67525529e+15]
  [ 5.76651815e+14  6.14432063e+14 -2.81901255e+16]
  [ 1.42295132e+14  3.80552744e+14 -1.92118271e+15]]]
local best: [[[154 173  15]
  [137  40  39]
  [161  19  34]
  [ 33   1  52]]

 [[210 124  13]
  [133  97 128]
  [194  79  40]
  [ 43  45 165]]

 [[ 11  85 151]
  [170 230  63]
  [145  87 179]
  [153  16 159]]

 [[223 154   8]
  [142 246 147]
  [210 103 -27]
  [ 46  71 189]]]
global_best: [[154 173  15]
 [137  40  39]
 [161  19  34]
 [ 33   1  52]]

Iteration: 38
x: [[[    324530035824451     -58263454193468    -146444900120905]
  [    -27856154149028      62627772678157    5344558358674722]
  [    197664279036353      67410046247925     365376449423753]
  [     67238930094099      48539140373115    6882126898940409]]

 [[   -184622416939764    1629355185960097    -205592828885834]
  [     43083002263590   -1696263838475067   14748133075226642]
  [   -116527905112808   -1848580666612718    1922203385927501]
  [    -27388097184212   -1330790079258945   19537115198613376]]

 [[  11733432779469800    4649048231691896 -196919687537409792]
  [  -2260900682364579  -12095778119573182  106981039969176832]
  [   2742442207130896   -2505064032259184 -196044904638965120]
  [  -6746162140353081     928678175661659   25870158197625400]]

 [[   -577425285887602    2115147309800988    3377343741770500]
  [   -188311102786379     742781725072511    2569586769564121]
  [   -571406222668360   -1454846827565446   43239364180490144]
  [   -141000724618192    -901069434734403    2946802032171903]]]
velocity: [[[ 5.53931633e+14 -7.73766537e+13 -2.25145823e+14]
  [-4.75469240e+13  8.31726774e+13  8.21677635e+15]
  [ 3.37387868e+14  8.95237654e+13  5.61733331e+14]
  [ 1.14768330e+14  6.44622999e+13  1.05806493e+16]]

 [[-3.15127062e+14  2.16386161e+15 -3.16080428e+14]
  [ 7.35372235e+13 -2.25271950e+15  2.26739242e+16]
  [-1.98898363e+14 -2.45500354e+15  2.95521431e+15]
  [-4.67480101e+13 -1.76735287e+15  3.00365522e+16]]

 [[ 2.00274824e+16  6.17415840e+15 -3.02746256e+17]
  [-3.85907087e+15 -1.60637718e+16  1.64473698e+17]
  [ 4.68100121e+15 -3.32684484e+15 -3.01401356e+17]
  [-1.15148436e+16  1.23332903e+15  3.97730345e+16]]

 [[-9.85591767e+14  2.80901679e+15  5.19236134e+15]
  [-3.21423182e+14  9.86449655e+14  3.95050786e+15]
  [-9.75317989e+14 -1.93210617e+15  6.64766218e+16]
  [-2.40670363e+14 -1.19666330e+15  4.53044230e+15]]]
local best: [[[154 173  15]
  [137  40  39]
  [161  19  34]
  [ 33   1  52]]

 [[210 124  13]
  [133  97 128]
  [194  79  40]
  [ 43  45 165]]

 [[ 11  85 151]
  [170 230  63]
  [145  87 179]
  [153  16 159]]

 [[223 154   8]
  [142 246 147]
  [210 103 -27]
  [ 46  71 189]]]
global_best: [[154 173  15]
 [137  40  39]
 [161  19  34]
 [ 33   1  52]]

Iteration: 39
x: [[[   -833249768396848     113939920868449     453663722347785]
  [     71522298188245    -122474775343435  -16556617794810294]
  [   -507514548873334    -131826982136778   -1131879908190072]
  [   -172639869175207     -94923067807578  -21319768077037888]]

 [[    474028808351774   -3186364480512493     636894886495540]
  [   -110618117570055    3317210937841625  -45687442465138856]
  [    299192183246180    3615081491263116   -5954689732788883]
  [     70320534669944    2602491019827061  -60522970739313152]]

 [[ -30126272044933776   -9091671528283132  610026831784628736]
  [   5804994182322878   23654484974473816 -331410767961042944]
  [  -7041380093308202    4898899345324757  607316889235404544]
  [  17321164208237696   -1816121603352038  -80141761549699712]]

 [[   1482573052169233   -4136378806214822  -10462490208087960]
  [    483499724100875   -1452582792222687   -7960183644588793]
  [   1467118756788961    2845096204858607 -133948883777276640]
  [    362027572682270    1762129992314680   -9128738370767172]]]
velocity: [[[-1.15777980e+15  1.72203375e+14  6.00108622e+14]
  [ 9.93784523e+13 -1.85102548e+14 -2.19011762e+16]
  [-7.05178828e+14 -1.99237028e+14 -1.49725636e+15]
  [-2.39878799e+14 -1.43462208e+14 -2.82018950e+16]]

 [[ 6.58651225e+14 -4.81571967e+15  8.42487715e+14]
  [-1.53701120e+14  5.01347478e+15 -6.04355755e+16]
  [ 4.15720088e+14  5.46366216e+15 -7.87689312e+15]
  [ 9.77086319e+13  3.93328110e+15 -8.00600859e+16]]

 [[-4.18597048e+16 -1.37407198e+16  8.06946519e+17]
  [ 8.06589486e+15  3.57502631e+16 -4.38391808e+17]
  [-9.78382230e+15  7.40396338e+15  8.03361794e+17]
  [ 2.40673263e+16 -2.74479978e+15 -1.06011920e+17]]

 [[ 2.05999834e+15 -6.25152612e+15 -1.38398339e+16]
  [ 6.71810827e+14 -2.19536452e+15 -1.05297704e+16]
  [ 2.03852498e+15  4.29994303e+15 -1.77188248e+17]
  [ 5.03028297e+14  2.66319943e+15 -1.20755404e+16]]]
local best: [[[154 173  15]
  [137  40  39]
  [161  19  34]
  [ 33   1  52]]

 [[210 124  13]
  [133  97 128]
  [194  79  40]
  [ 43  45 165]]

 [[ 11  85 151]
  [170 230  63]
  [145  87 179]
  [153  16 159]]

 [[223 154   8]
  [142 246 147]
  [210 103 -27]
  [ 46  71 189]]]
global_best: [[154 173  15]
 [137  40  39]
 [161  19  34]
 [ 33   1  52]]

Iteration: 40
x: [[[    1894676998354395     -352555459789828    -1498682339813556]
  [    -162630292123600      378964198016419    54694941371362536]
  [    1154007091932045      407902006125661     3739175838031767]
  [     392555511601888      293713086340191    70430052772622784]]

 [[   -1077865861839588     9859320472798896    -2103988200265887]
  [     251527946254092   -10264188517062284   150928892483194528]
  [    -680315277823573   -11185866267223544    19671373094185504]
  [    -159897673667915    -8052686109508539   199938198564023296]]

 [[   68502334899543648    28131654046163484 -2015229330828465152]
  [  -13199630374918554   -73192238178859232  1094818564281239552]
  [   16010974626643418   -15158284278190708 -2006277010331217152]
  [  -39385563194574208     5619484216112076   264749057064813568]]

 [[   -3371134522759346    12798876116270774    34562934025643584]
  [   -1099401212827825     4494614269455461    26296540944645120]
  [   -3335993921353488    -8803360516726173   442501387406190592]
  [    -823192925754521    -5452422161750066    30156872386106004]]]
velocity: [[[ 2.72792677e+15 -4.66495381e+14 -1.95234606e+15]
  [-2.34152590e+14  5.01438973e+14  7.12515592e+16]
  [ 1.66152164e+15  5.39728988e+14  4.87105575e+15]
  [ 5.65195381e+14  3.88636154e+14  9.17498208e+16]]

 [[-1.55189467e+15  1.30456850e+16 -2.74088309e+15]
  [ 3.62146064e+14 -1.35813995e+16  1.96616335e+17]
  [-9.79507461e+14 -1.48009478e+16  2.56260628e+16]
  [-2.30218208e+14 -1.06551771e+16  2.60461169e+17]]

 [[ 9.86286069e+16  3.72233256e+16 -2.62525616e+18]
  [-1.90046246e+16 -9.68467232e+16  1.42622933e+18]
  [ 2.30523547e+16 -2.00571836e+16 -2.61359390e+18]
  [-5.67067274e+16  7.43560582e+15  3.44890819e+17]]

 [[-4.85370757e+15  1.69352549e+16  4.50254242e+16]
  [-1.58290094e+15  5.94719706e+15  3.42567246e+16]
  [-4.80311268e+15 -1.16484567e+16  5.76450271e+17]
  [-1.18522050e+15 -7.21455215e+15  3.92856108e+16]]]
local best: [[[154 173  15]
  [137  40  39]
  [161  19  34]
  [ 33   1  52]]

 [[210 124  13]
  [133  97 128]
  [194  79  40]
  [ 43  45 165]]

 [[ 11  85 151]
  [170 230  63]
  [145  87 179]
  [153  16 159]]

 [[223 154   8]
  [142 246 147]
  [210 103 -27]
  [ 46  71 189]]]
global_best: [[154 173  15]
 [137  40  39]
 [161  19  34]
 [ 33   1  52]]

Iteration: 41
x: [[[   -6225387857623815      673641231283066     4222973200659205]
  [     534358440382521     -724101419719706  -154118898639735520]
  [   -3791750120978245     -779393998926878   -10536215005058764]
  [   -1289829515791999     -561208852768745  -198457149643063424]]

 [[    3541570966594089   -18838581557820176     5928598441569241]
  [    -826451698005708    19612178449518752  -425286033757485952]
  [    2235329015763206    21373263456781116   -55429812702835440]
  [     525379807206985    15386576027428896  -563384001995363840]]

 [[ -225079844360245152   -53752229737045424  5678494522281219072]
  [   43370357444841984   139851215115279296 -3084969598773662720]
  [  -52607661947661616    28963514822260492  5653268756594079744]
  [  129410135389917312   -10737363899487908  -746007438122994944]]

 [[   11076621473018330   -24455303205734712   -97391115014140336]
  [    3612330210870539    -8588031773557007   -74098149240276592]
  [   10961159115322706    16820918392377336 -1246876306358095360]
  [    2704785696414684    10418152028345488   -84975755381267808]]]
velocity: [[[-8.12006486e+15  1.02619669e+15  5.72165554e+15]
  [ 6.96988733e+14 -1.10306562e+15 -2.08813840e+17]
  [-4.94575721e+15 -1.18729601e+15 -1.42753908e+16]
  [-1.68238503e+15 -8.54921939e+14 -2.68887202e+17]]

 [[ 4.61943683e+15 -2.86979020e+16  8.03258664e+15]
  [-1.07797964e+15  2.98763670e+16 -5.76214926e+17]
  [ 2.91564429e+15  3.25591297e+16 -7.51011858e+16]
  [ 6.85277481e+14  2.34392621e+16 -7.63322201e+17]]

 [[-2.93582179e+17 -8.18838838e+16  7.69372385e+18]
  [ 5.65699878e+16  2.13043453e+17 -4.17978816e+18]
  [-6.86186366e+16  4.41217991e+16  7.65954577e+18]
  [ 1.68795699e+17 -1.63568481e+16 -1.01075650e+18]]

 [[ 1.44477560e+16 -3.72541793e+16 -1.31954049e+17]
  [ 4.71173142e+15 -1.30826460e+16 -1.00394690e+17]
  [ 1.42971530e+16  2.56242789e+16 -1.68937769e+18]
  [ 3.52797862e+15  1.58705742e+16 -1.15132628e+17]]]
local best: [[[154 173  15]
  [137  40  39]
  [161  19  34]
  [ 33   1  52]]

 [[210 124  13]
  [133  97 128]
  [194  79  40]
  [ 43  45 165]]

 [[ 11  85 151]
  [170 230  63]
  [145  87 179]
  [153  16 159]]

 [[223 154   8]
  [142 246 147]
  [210 103 -27]
  [ 46  71 189]]]
global_best: [[154 173  15]
 [137  40  39]
 [161  19  34]
 [ 33   1  52]]

Iteration: 42
x: [[[   10438565733448620    -1415362958670068    -5767197526803335]
  [    -895998102081720     1521383015466730   210475910889037984]
  [    6357906332562521     1637556231809337    14389016986789900]
  [    2162752023401816     1179135399378687   271027432146446016]]

 [[   -5938412542310551    39581054859200144    -8096522673715061]
  [    1385772352254301   -41206431000988512   580801356183677056]
  [   -3748140581851495   -44906582313879216    75698959842100304]
  [    -880942967407192   -32328172265395248   769397926191210240]]

 [[  377407930937415296   112936844395438128 -7754962678843104256]
  [  -72722268463434656  -293836274276485888  4213057529594028032]
  [   88211136379428128   -60854181912610192 -7720512549379840000]
  [ -216991492857393536    22559882666558788  1018801694372168192]]

 [[  -18572985972115080    51382143332481400   133004348110590864]
  [   -6057059771932559    18043999529285656   101193789951715504]
  [  -18379381744055832   -35341816560197752  1702824434011473408]
  [   -4535313129500538   -21889198276408776   116049035356558144]]]
velocity: [[[ 1.66639536e+16 -2.08900419e+15 -9.99017073e+15]
  [-1.43035654e+15  2.24548444e+15  3.64594810e+17]
  [ 1.01496565e+16  2.41695023e+15  2.49252320e+16]
  [ 3.45258154e+15  1.74034425e+15  4.69484582e+17]]

 [[-9.47998351e+15  5.84196364e+16 -1.40251211e+16]
  [ 2.21222405e+15 -6.08186095e+16  1.00608739e+18]
  [-5.98346960e+15 -6.62798458e+16  1.31128773e+17]
  [-1.40632277e+15 -4.77147483e+16  1.33278193e+18]]

 [[ 6.02487775e+17  1.66689074e+17 -1.34334572e+19]
  [-1.16092626e+17 -4.33687489e+17  7.29802713e+18]
  [ 1.40818798e+17 -8.98176967e+16 -1.33737813e+19]
  [-3.46401628e+17  3.32972466e+16  1.76480913e+18]]

 [[-2.96496074e+16  7.58374465e+16  2.30395463e+17]
  [-9.66938998e+15  2.66320313e+16  1.75291939e+17]
  [-2.93405409e+16 -5.21627350e+16  2.94970074e+18]
  [-7.24009883e+15 -3.23073503e+16  2.01024791e+17]]]
local best: [[[154 173  15]
  [137  40  39]
  [161  19  34]
  [ 33   1  52]]

 [[210 124  13]
  [133  97 128]
  [194  79  40]
  [ 43  45 165]]

 [[ 11  85 151]
  [170 230  63]
  [145  87 179]
  [153  16 159]]

 [[223 154   8]
  [142 246 147]
  [210 103 -27]
  [ 46  71 189]]]
global_best: [[154 173  15]
 [137  40  39]
 [161  19  34]
 [ 33   1  52]]

Iteration: 43
x: [[[  -27809823529331540     4168238185323548    18003558738106792]
  [    2387066359286342    -4480466823526712  -657046235547904000]
  [  -16938366595519500    -4822596475503867   -44918439380881744]
  [   -5761878944324916    -3472548979220438  -846070950684323584]]

 [[   15820775484207848  -116566046376189776    25275052718965616]
  [   -3691894610054103   121352772535875552 -1813097484979111936]
  [    9985579514091796   132249703177861264  -236310732135828352]
  [    2346957339598790    95206336489782192 -2401842609479486464]]

 [[-1005468397282621312  -332598549690225408 -9223372036854775808]
  [  193742464651098528   865346638591633152 -9223372036854775808]
  [ -235007011372556384   179215319456339520 -9223372036854775808]
  [  578096194230393856   -66438763153384192 -3180410600099334656]]

 [[   49481075799735104  -151320204171109792  -415201938637236032]
  [   16136868576140720   -53139505589850616  -315898377480606912]
  [   48965286604711104   104081506741785792 -5315736035731300352]
  [   12082719120839004    64463600338645912  -362272250054261504]]]
velocity: [[[-3.82483893e+16  5.58360114e+15  2.37707563e+16]
  [ 3.28306446e+15 -6.00184984e+15 -8.67522146e+17]
  [-2.32962729e+16 -6.46015271e+15 -5.93074564e+16]
  [-7.92463097e+15 -4.65168438e+15 -1.11709838e+18]]

 [[ 2.17591880e+16 -1.56147101e+17  3.33715754e+16]
  [-5.07766696e+15  1.62559204e+17 -2.39389884e+18]
  [ 1.37337201e+16  1.77156285e+17 -3.12009692e+17]
  [ 3.22790031e+15  1.27534509e+17 -3.17124054e+18]]

 [[-1.38287633e+18 -4.45535394e+17  3.19637617e+19]
  [ 2.66464733e+17  1.15918291e+18 -1.73650310e+19]
  [-3.23218148e+17  2.40069501e+17  3.18217681e+19]
  [ 7.95087687e+17 -8.89986458e+16 -4.19921229e+18]]

 [[ 6.80540618e+16 -2.02702348e+17 -5.48206287e+17]
  [ 2.21939283e+16 -7.11835051e+16 -4.17092167e+17]
  [ 6.73446683e+16  1.39423323e+17 -7.01856047e+18]
  [ 1.66180323e+16  8.63527986e+16 -4.78321285e+17]]]
local best: [[[154 173  15]
  [137  40  39]
  [161  19  34]
  [ 33   1  52]]

 [[210 124  13]
  [133  97 128]
  [194  79  40]
  [ 43  45 165]]

 [[ 11  85 151]
  [170 230  63]
  [145  87 179]
  [153  16 159]]

 [[223 154   8]
  [142 246 147]
  [210 103 -27]
  [ 46  71 189]]]
global_best: [[154 173  15]
 [137  40  39]
 [161  19  34]
 [ 33   1  52]]

Iteration: 44
x: [[[   29418182965165564   -13639773302064758   -41493989762732856]
  [   -2525120478862549    14661482632040824  1514337813321339392]
  [   17917983805703872    15781037390047136   103526491119957616]
  [    6095112715422532    11363261587031686  1949995546821137664]]

 [[  -16735757684845836   381440401579611392   -58253081739526032]
  [    3905412452982126  -397104060126539776  4178765408270129152]
  [  -10563087710675924  -432762210413716608   544640936978391040]
  [   -2482691785330149  -311544779569739264  5535685144209310720]]

 [[ 1063618877183957632  1088366023406194432 -9223372036854775808]
  [ -204947408861356000 -2831683664252523520 -9223372036854775808]
  [  248598458431883424  -586448331635341312 -9223372036854775808]
  [ -611529936369366528   217408321595576160  7330102164883789824]]

 [[  -52342775194330608   495166828081825664   956943304482035456]
  [  -17070131774012592   173889009553600128   728071834681204480]
  [  -51797155733830720  -340587100299106944 -9223372036854775808]
  [  -12781513749579844  -210944973814117888   834952758715218944]]]
velocity: [[[ 5.72280065e+16 -1.78080115e+16 -5.94975485e+16]
  [-4.91218684e+15  1.91419495e+16  2.17138405e+18]
  [ 3.48563504e+16  2.06036339e+16  1.48444931e+17]
  [ 1.18569917e+16  1.48358106e+16  2.79606650e+18]]

 [[-3.25565332e+16  4.98006448e+17 -8.35281345e+16]
  [ 7.59730706e+15 -5.18456833e+17  5.99186289e+18]
  [-2.05486672e+16 -5.65011914e+17  7.80951669e+17]
  [-4.82964912e+15 -4.06751116e+17  7.93752775e+18]]

 [[ 2.06908727e+18  1.42096457e+18 -2.48622651e+19]
  [-3.98689874e+17 -3.69703030e+18 -3.88707745e+19]
  [ 4.83605470e+17 -7.65663651e+17 -2.49025888e+19]
  [-1.18962613e+18  2.83847085e+17  1.05105128e+19]]

 [[-1.01823851e+17  6.46487032e+17  1.37214524e+18]
  [-3.32070004e+16  2.27028515e+17  1.04397021e+18]
  [-1.00762442e+17 -4.44668607e+17  1.75672636e+19]
  [-2.48642329e+16 -2.75408574e+17  1.19722501e+18]]]
local best: [[[154 173  15]
  [137  40  39]
  [161  19  34]
  [ 33   1  52]]

 [[210 124  13]
  [133  97 128]
  [194  79  40]
  [ 43  45 165]]

 [[ 11  85 151]
  [170 230  63]
  [145  87 179]
  [153  16 159]]

 [[223 154   8]
  [142 246 147]
  [210 103 -27]
  [ 46  71 189]]]
global_best: [[154 173  15]
 [137  40  39]
 [161  19  34]
 [ 33   1  52]]

Iteration: 45
x: [[[  -55668688041718704    50241295141054952   146141575779642048]
  [    4778342169263759   -54004700797358048 -5333488429696432128]
  [  -33906603001191768   -58128514278558160  -364619662599812224]
  [  -11533918622225834   -41855899399196000 -6867872277533355008]]

 [[   31669449972579524 -1405013072437387520   205166994259024384]
  [   -7390299658436846  1462709228716305408 -9223372036854775808]
  [   19988768008522068  1594053908212622336 -1918222017676627456]
  [    4698053399998908  1147556698588861440 -9223372036854775808]]

 [[-2012709878762701824 -4008931629029976064 -9223372036854775808]
  [  387826582708090112 -9223372036854775808 -9223372036854775808]
  [ -470428443744601984  2160147611119738880 -9223372036854775808]
  [ 1157211826992492032  -800810644686526848 -9223372036854775808]]

 [[   99049408557332464 -1823917612322241536 -3370348410660323328]
  [   32302193567963920  -640509842597273856 -2564264506968406016]
  [   98016920603469856  1254532362702313984 -9223372036854775808]
  [   24186745403984988   777003286873742336 -2940698461582808576]]]
velocity: [[[-8.50868710e+16  6.38810684e+16  1.87635566e+17]
  [ 7.30346265e+15 -6.86661834e+16 -6.84782624e+18]
  [-5.18245868e+16 -7.39095517e+16 -4.68146154e+17]
  [-1.76290313e+16 -5.32191610e+16 -8.81786782e+18]]

 [[ 4.84052077e+16 -1.78645347e+18  2.63420076e+17]
  [-1.12957121e+16  1.85981329e+18 -1.88963514e+19]
  [ 3.05518557e+16  2.02681612e+18 -2.46286295e+18]
  [ 7.18074519e+15  1.45910148e+18 -2.50323340e+19]]

 [[-3.07632876e+18 -5.09729765e+18 -5.25242133e+19]
  [ 5.92773992e+17  1.32620223e+19 -5.65023835e+19]
  [-7.19026902e+17  2.74659594e+18 -5.25356645e+19]
  [ 1.76874176e+18 -1.01821897e+18 -3.31466767e+19]]

 [[ 1.51392184e+17 -2.31908444e+18 -4.32729172e+18]
  [ 4.93723253e+16 -8.14398852e+17 -3.29233634e+18]
  [ 1.49814076e+17  1.59511946e+18 -8.06024403e+18]
  [ 3.69682592e+16  9.87948261e+17 -3.77565122e+18]]]
local best: [[[154 173  15]
  [137  40  39]
  [161  19  34]
  [ 33   1  52]]

 [[210 124  13]
  [133  97 128]
  [194  79  40]
  [ 43  45 165]]

 [[ 11  85 151]
  [170 230  63]
  [145  87 179]
  [153  16 159]]

 [[223 154   8]
  [142 246 147]
  [210 103 -27]
  [ 46  71 189]]]
global_best: [[154 173  15]
 [137  40  39]
 [161  19  34]
 [ 33   1  52]]

Iteration: 46
x: [[[  151695779453423040   -96521575911559680  -143098348012814592]
  [  -13020862631402084   103751681021729408  5222424757386104832]
  [   92394643233355680   111674187295766672   357026883641221376]
  [   31429639122080552    80411887469533360  6724856852234204160]]

 [[  -86298457309633840  2699255175394193408  -200894631035659200]
  [   20138381314839328 -2810098733715008512 -9223372036854775808]
  [  -54468891760013904 -3062432902589244416  1878277282744144384]
  [  -12802077747773446 -2204640240357832192 -9223372036854775808]]

 [[ 5484583966550494208  7701799833569069056 -9223372036854775808]
  [-1056817716138233088 -9223372036854775808 -9223372036854775808]
  [ 1281905716862206464 -4149989586086360064 -9223372036854775808]
  [-3153373220450076160  1538485526992985600 -9223372036854775808]]

 [[ -269907155423616768  3504037899101346816  3300164838241003520]
  [  -88022667745922032  1230522008256018176  2510866691134923776]
  [ -267093651630962656 -2410157627109645824 -5895539323146758144]
  [  -65908274930951696 -1492747779032292352  2879461847946936832]]]
velocity: [[[ 2.07364467e+17 -1.46762871e+17 -2.89239924e+17]
  [-1.77992048e+16  1.57756382e+17  1.05559132e+19]
  [ 1.26301246e+17  1.69802702e+17  7.21646546e+17]
  [ 4.29635577e+16  1.22267787e+17  1.35927291e+19]]

 [[-1.17967907e+17  4.10426825e+18 -4.06061625e+17]
  [ 2.75286810e+16 -4.27280796e+18 -2.69838760e+19]
  [-7.44576598e+16 -4.65648681e+18  3.79649930e+18]
  [-1.75001311e+16 -3.35219694e+18 -2.87263872e+19]]

 [[ 7.49729385e+18  1.17107315e+19 -3.65335973e+19]
  [-1.44464430e+18 -2.65071363e+19 -3.76633277e+19]
  [ 1.75233416e+18 -6.31013720e+18 -3.65368492e+19]
  [-4.31058505e+18  2.33929617e+18 -3.10307178e+19]]

 [[-3.68956564e+17  5.32795551e+18  6.67051325e+18]
  [-1.20324861e+17  1.87103185e+18  5.07513120e+18]
  [-3.65110572e+17 -3.66468999e+18  3.32783271e+18]
  [-9.00950203e+16 -2.26975107e+18  5.82016031e+18]]]
local best: [[[154 173  15]
  [137  40  39]
  [161  19  34]
  [ 33   1  52]]

 [[210 124  13]
  [133  97 128]
  [194  79  40]
  [ 43  45 165]]

 [[ 11  85 151]
  [170 230  63]
  [145  87 179]
  [153  16 159]]

 [[223 154   8]
  [142 246 147]
  [210 103 -27]
  [ 46  71 189]]]
global_best: [[154 173  15]
 [137  40  39]
 [161  19  34]
 [ 33   1  52]]

Iteration: 47
x: [[[ -378631650138906688   223064353290813056   183316347479041280]
  [   32499985972738468  -239773350273024512 -6690194854118139904]
  [ -230616411066218272  -258082507803562496  -457369810132765184]
  [  -78448168874187936  -185834364036081344 -8614887681027462144]]

 [[  215400371805475968 -6238062364604164096   257356360160836928]
  [  -50265264965432240  6494225263104082944 -9223372036854775808]
  [  135953989245060112  7077377347615011840 -2406169853160575488]
  [   31953900367639312  5094991920821141504 -9223372036854775808]]

 [[-9223372036854775808 -9223372036854775808 -9223372036854775808]
  [ 2637809945663727616 -9223372036854775808 -9223372036854775808]
  [-3199628088842543616 -9223372036854775808 -9223372036854775808]
  [ 7870798451116103680 -3555487733026795008 -9223372036854775808]]

 [[  673686453311780352 -8097940180605043712 -4227680980432603136]
  [  219703989513435648 -2843774496939883520 -3216549437624685568]
  [  666663966677524480  5569948970919624704 -9223372036854775808]
  [  164506613070123392  3449786380003109888 -3688738800979123712]]]
velocity: [[[-5.30327430e+17  3.19585929e+17  3.26414695e+17]
  [ 4.55208486e+16 -3.43525031e+17 -1.19126196e+19]
  [-3.23011054e+17 -3.69756695e+17 -8.14396694e+17]
  [-1.09877808e+17 -2.66246252e+17 -1.53397445e+19]]

 [[ 3.01698829e+17 -8.93731754e+18  4.58250991e+17]
  [-7.04036463e+16  9.30432400e+18 -3.39961865e+19]
  [ 1.90422881e+17  1.01398103e+19 -4.28444714e+18]
  [ 4.47559781e+16  7.29963216e+18 -3.44910290e+19]]

 [[-1.91740688e+19 -2.55008979e+19 -3.67081394e+19]
  [ 3.69462766e+18 -4.20490886e+19 -3.70289629e+19]
  [-4.48153381e+18  1.37407441e+19 -3.67090629e+19]
  [ 1.10241717e+19 -5.09397326e+18 -3.51454184e+19]]

 [[ 9.43593609e+17 -1.16019781e+19 -7.52784582e+18]
  [ 3.07726657e+17 -4.07429651e+18 -5.72741613e+18]
  [ 9.33757618e+17  7.98010660e+18  1.77771388e+19]
  [ 2.30414888e+17  4.94253416e+18 -6.56820065e+18]]]
local best: [[[154 173  15]
  [137  40  39]
  [161  19  34]
  [ 33   1  52]]

 [[210 124  13]
  [133  97 128]
  [194  79  40]
  [ 43  45 165]]

 [[ 11  85 151]
  [170 230  63]
  [145  87 179]
  [153  16 159]]

 [[223 154   8]
  [142 246 147]
  [210 103 -27]
  [ 46  71 189]]]
global_best: [[154 173  15]
 [137  40  39]
 [161  19  34]
 [ 33   1  52]]

Iteration: 48
x: [[[ 1055369395658585344  -380407556934859264  -405061461439558144]
  [  -90588017516174368   408902601647576704 -9223372036854775808]
  [  642802846213773056   440126514312130176  1010618454155554048]
  [  218660528101390752   316916599961382400 -9223372036854775808]]

 [[ -600390802336732800 -9223372036854775808  -568662559510314688]
  [  140105620567444464 -9223372036854775808 -9223372036854775808]
  [ -378947928453139520 -9223372036854775808  5316747200106973184]
  [  -89065899555830112 -8688853241717141504 -9223372036854775808]]

 [[-9223372036854775808 -9223372036854775808 -9223372036854775808]
  [-7352433129127028736 -9223372036854775808 -9223372036854775808]
  [ 8918402783325593600 -9223372036854775808 -9223372036854775808]
  [-9223372036854775808  6063426909225885696 -9223372036854775808]]

 [[-1877782971482157056 -9223372036854775808 -9223372036854775808]
  [ -612386382785247360  4849691548179404800  7107386951105412096]
  [-1858209020196002816 -9223372036854775808 -9223372036854775808]
  [ -458533365485857664 -5883166850300077056  8150751147626024960]]]
velocity: [[[ 1.43400105e+18 -6.03471910e+17 -5.88377809e+17]
  [-1.23088003e+17  6.48675952e+17  2.14730560e+19]
  [ 8.73419257e+17  6.98209022e+17  1.46798826e+18]
  [ 2.97108697e+17  5.02750964e+17  2.76506095e+19]]

 [[-8.15791174e+17  1.68762752e+19 -8.26018920e+17]
  [ 1.90370886e+17 -1.75692910e+19 -4.39218434e+19]
  [-5.14901918e+17 -1.91469339e+19  7.72291705e+18]
  [-1.21019800e+17 -1.37838452e+19 -4.40623700e+19]]

 [[-4.40456715e+19 -3.59471079e+19 -4.46919903e+19]
  [-9.99024307e+18 -4.06465030e+19 -4.47830986e+19]
  [ 1.21180309e+19 -2.48031718e+19 -4.46922526e+19]
  [-2.98092703e+19  9.61891464e+18 -4.42482051e+19]]

 [[-2.55146942e+18  2.19079353e+19  1.35692954e+19]
  [-8.32090372e+17  7.69346605e+18  1.03239364e+19]
  [-2.52487299e+18 -1.50687804e+19 -1.50142657e+19]
  [-6.23039979e+17 -9.33295323e+18  1.18394899e+19]]]
local best: [[[154 173  15]
  [137  40  39]
  [161  19  34]
  [ 33   1  52]]

 [[210 124  13]
  [133  97 128]
  [194  79  40]
  [ 43  45 165]]

 [[ 11  85 151]
  [170 230  63]
  [145  87 179]
  [153  16 159]]

 [[223 154   8]
  [142 246 147]
  [210 103 -27]
  [ 46  71 189]]]
global_best: [[154 173  15]
 [137  40  39]
 [161  19  34]
 [ 33   1  52]]

Iteration: 49
x: [[[-1451964503062888192   841006498232023296   845959595736046080]
  [  124629903403864864  -904003453297536896 -9223372036854775808]
  [ -884360413528728832  -973033400185830272 -2110648531910242048]
  [ -300830520887032192  -700640444981384064 -9223372036854775808]]

 [[  826010434398076800 -9223372036854775808  1187635938615093504]
  [ -192755625262925824 -9223372036854775808 -9223372036854775808]
  [  521351995696084672 -9223372036854775808 -9223372036854775808]
  [  122535791847298976 -9223372036854775808 -9223372036854775808]]

 [[-9223372036854775808 -9223372036854775808 -9223372036854775808]
  [-9223372036854775808 -9223372036854775808 -9223372036854775808]
  [-9223372036854775808 -9223372036854775808 -9223372036854775808]
  [-9223372036854775808 -9223372036854775808 -9223372036854775808]]

 [[ 2583431195052453888 -9223372036854775808 -9223372036854775808]
  [  842513809497379456 -9223372036854775808 -9223372036854775808]
  [ 2556501588633041920 -9223372036854775808 -2031195332309757952]
  [  630844681392302720 -9223372036854775808 -9223372036854775808]]]
velocity: [[[-2.50733390e+18  1.22141406e+18  1.25102106e+18]
  [ 2.15217921e+17 -1.31290605e+18 -2.61928237e+19]
  [-1.52716326e+18 -1.41315991e+18 -3.12126699e+18]
  [-5.19491049e+17 -1.01755704e+18 -2.44385072e+19]]

 [[ 1.42640124e+18 -2.89770461e+19  1.75629850e+18]
  [-3.32861246e+17 -3.87589810e+19 -4.47638248e+19]
  [ 9.00299924e+17 -3.92070039e+19 -1.64206258e+19]
  [ 2.11601691e+17  2.78982036e+19 -4.48037319e+19]]

 [[-3.79799570e+19 -4.39779578e+19 -4.49825330e+19]
  [ 1.74678221e+19 -4.53125033e+19 -4.50084062e+19]
  [-2.11882339e+19 -4.08132759e+19 -4.49826075e+19]
  [-3.39370695e+19 -1.94684746e+19 -4.48565058e+19]]

 [[ 4.46121417e+18 -2.75481432e+19 -2.84373527e+19]
  [ 1.45490019e+18 -1.55714084e+19 -2.19509669e+19]
  [ 4.41471061e+18 -3.80488800e+19  7.19217670e+18]
  [ 1.08937805e+18  1.88896949e+19 -2.51733682e+19]]]
local best: [[[154 173  15]
  [137  40  39]
  [161  19  34]
  [ 33   1  52]]

 [[210 124  13]
  [133  97 128]
  [194  79  40]
  [ 43  45 165]]

 [[ 11  85 151]
  [170 230  63]
  [145  87 179]
  [153  16 159]]

 [[223 154   8]
  [142 246 147]
  [210 103 -27]
  [ 46  71 189]]]
global_best: [[154 173  15]
 [137  40  39]
 [161  19  34]
 [ 33   1  52]]

Iteration: 50
x: [[[ 1813430856934271232 -1370679804044286464 -1241877968415261184]
  [ -155656499902406112  1473352796709751296 -9223372036854775808]
  [ 1104521811078109952  1585858412627037184  3098455202895050752]
  [  375722235725018752  1141909973170784640 -9223372036854775808]]

 [[-1031645613048623232 -9223372036854775808 -1743462588636985088]
  [  240742110404271616 -9223372036854775808 -9223372036854775808]
  [ -651142499920050176 -9223372036854775808 -9223372036854775808]
  [ -153041059575505504 -9223372036854775808 -9223372036854775808]]

 [[-9223372036854775808 -9223372036854775808 -9223372036854775808]
  [-9223372036854775808 -9223372036854775808 -9223372036854775808]
  [-9223372036854775808 -9223372036854775808 -9223372036854775808]
  [-9223372036854775808 -9223372036854775808 -9223372036854775808]]

 [[-3226576018898573312 -9223372036854775808 -9223372036854775808]
  [-1052257501001465728 -9223372036854775808 -9223372036854775808]
  [-3192942290840456192 -9223372036854775808  5877286577381302272]
  [ -787893373947118976 -9223372036854775808 -9223372036854775808]]]
velocity: [[[ 3.26539536e+18 -2.21168630e+18 -2.08783756e+18]
  [-2.80286403e+17  2.37735625e+18 -3.40751186e+19]
  [ 1.98888222e+18  2.55889181e+18  5.20910373e+18]
  [ 6.76552757e+17  1.84255042e+18 -3.35769236e+19]]

 [[-1.85765605e+18 -3.62887134e+19 -2.93109853e+18]
  [ 4.33497736e+17 -3.90666109e+19 -3.93489563e+19]
  [-1.17249450e+18 -3.91938415e+19 -3.12999863e+19]
  [-2.75576851e+17 -2.01371430e+19 -3.93602892e+19]]

 [[-3.60516529e+19 -4.05487085e+19 -3.94110656e+19]
  [-2.03054590e+19 -4.09276959e+19 -3.94184131e+19]
  [-3.12830989e+19 -3.96499945e+19 -3.94110867e+19]
  [-3.49035440e+19 -3.35884464e+19 -3.93752761e+19]]

 [[-5.81000721e+18 -3.58829301e+19 -3.47125254e+19]
  [-1.89477131e+18 -3.24817481e+19 -3.28705059e+19]
  [-5.74944388e+18 -3.88649547e+19  7.90848191e+18]
  [-1.41873806e+18 -2.26954010e+19 -3.37856112e+19]]]
local best: [[[154 173  15]
  [137  40  39]
  [161  19  34]
  [ 33   1  52]]

 [[210 124  13]
  [133  97 128]
  [194  79  40]
  [ 43  45 165]]

 [[ 11  85 151]
  [170 230  63]
  [145  87 179]
  [153  16 159]]

 [[223 154   8]
  [142 246 147]
  [210 103 -27]
  [ 46  71 189]]]
global_best: [[154 173  15]
 [137  40  39]
 [161  19  34]
 [ 33   1  52]]

